2021-02-03 07:50:06,31.186065,121.40619,87.0,0.0,13.0
2021-02-03 07:50:07,31.1860611,121.4061868,89.0,0.0,13.0
2021-02-03 07:50:08,31.1860572,121.4061836,88.0,0.0,13.0
2021-02-03 07:50:09,31.1860583,121.4061772,89.0,2.0,13.0
2021-02-03 07:50:10,31.1860595,121.4061708,88.0,3.0,13.0
2021-02-03 07:50:11,31.1860666,121.4061661,90.0,4.0,13.0
2021-02-03 07:50:12,31.1860737,121.4061615,90.0,6.0,13.0
2021-02-03 07:50:13,31.1860845,121.4061581,90.0,8.0,13.0
2021-02-03 07:50:14,31.1860954,121.4061548,90.0,9.0,13.0
2021-02-03 07:50:15,31.1861079,121.4061492,90.0,11.0,13.0
2021-02-03 07:50:16,31.1861204,121.4061436,91.0,13.0,13.0
2021-02-03 07:50:17,31.1861374,121.4061419,92.0,16.0,13.0
2021-02-03 07:50:18,31.1861544,121.4061402,92.0,18.0,13.0
2021-02-03 07:50:19,31.1861729,121.406145,92.0,20.0,13.0
2021-02-03 07:50:20,31.1861914,121.4061499,92.0,21.0,13.0
2021-02-03 07:50:21,31.1862056,121.406156,91.0,22.0,13.0
2021-02-03 07:50:22,31.1862198,121.4061622,93.0,23.0,12.0
2021-02-03 07:50:23,31.1862284,121.4061643,93.0,23.0,12.0
2021-02-03 07:50:24,31.186237,121.4061664,93.0,23.0,12.0
2021-02-03 07:50:25,31.1862464,121.4061695,93.0,26.0,12.0
2021-02-03 07:50:26,31.1862558,121.4061726,92.0,28.0,12.0
2021-02-03 07:50:27,31.1862713,121.4061759,92.0,30.0,12.0
2021-02-03 07:50:28,31.1862868,121.4061793,92.0,33.0,12.0
2021-02-03 07:50:29,31.1863104,121.4061779,92.0,36.0,12.0
2021-02-03 07:50:30,31.186334,121.4061766,92.0,40.0,12.0
2021-02-03 07:50:31,31.1863639,121.4061714,91.0,44.0,12.0
2021-02-03 07:50:32,31.1863938,121.4061663,92.0,47.0,12.0
2021-02-03 07:50:33,31.1864236,121.4061613,92.0,50.0,12.0
2021-02-03 07:50:34,31.1864534,121.4061563,92.0,52.0,12.0
2021-02-03 07:50:35,31.1864775,121.4061507,92.0,54.0,12.0
2021-02-03 07:50:36,31.1865017,121.4061452,91.0,56.0,12.0
2021-02-03 07:50:37,31.1865209,121.4061355,92.0,58.0,12.0
2021-02-03 07:50:38,31.1865401,121.4061258,91.0,61.0,12.0
2021-02-03 07:50:39,31.1865583,121.4061158,91.0,64.0,12.0
2021-02-03 07:50:40,31.1865766,121.4061058,91.0,66.0,12.0
2021-02-03 07:50:41,31.1865964,121.4060959,92.0,68.0,12.0
2021-02-03 07:50:42,31.1866163,121.406086,92.0,71.0,12.0
2021-02-03 07:50:43,31.1866396,121.4060781,94.0,74.0,12.0
2021-02-03 07:50:44,31.186663,121.4060702,93.0,77.0,12.0
2021-02-03 07:50:45,31.1866896,121.4060631,94.0,80.0,12.0
2021-02-03 07:50:46,31.1867162,121.406056,94.0,84.0,12.0
2021-02-03 07:50:47,31.1867417,121.4060404,95.0,87.0,12.0
2021-02-03 07:50:48,31.1867672,121.4060248,95.0,90.0,12.0
2021-02-03 07:50:49,31.186791,121.4060079,95.0,93.0,12.0
2021-02-03 07:50:50,31.1868149,121.405991,95.0,96.0,12.0
2021-02-03 07:50:51,31.1868393,121.4059813,96.0,98.0,12.0
2021-02-03 07:50:52,31.1868637,121.4059717,99.0,101.0,12.0
2021-02-03 07:50:53,31.1868898,121.4059729,100.0,104.0,12.0
2021-02-03 07:50:54,31.1869159,121.4059742,100.0,108.0,12.0
2021-02-03 07:50:55,31.186942,121.4059751,101.0,110.0,12.0
2021-02-03 07:50:56,31.1869681,121.405976,101.0,113.0,12.0
2021-02-03 07:50:57,31.1869928,121.4059719,100.0,116.0,12.0
2021-02-03 07:50:58,31.1870176,121.4059679,101.0,118.0,12.0
2021-02-03 07:50:59,31.1870422,121.4059616,101.0,121.0,12.0
2021-02-03 07:51:00,31.1870668,121.4059553,101.0,124.0,12.0
2021-02-03 07:51:01,31.1870906,121.4059466,101.0,126.0,12.0
2021-02-03 07:51:02,31.1871145,121.405938,102.0,129.0,12.0
2021-02-03 07:51:03,31.1871371,121.4059302,104.0,132.0,12.0
2021-02-03 07:51:04,31.1871598,121.4059225,104.0,134.0,12.0
2021-02-03 07:51:05,31.1871817,121.4059155,104.0,136.0,12.0
2021-02-03 07:51:06,31.1872036,121.4059086,104.0,139.0,12.0
2021-02-03 07:51:07,31.187224,121.4059004,106.0,142.0,12.0
2021-02-03 07:51:08,31.1872445,121.4058922,107.0,144.0,12.0
2021-02-03 07:51:09,31.1872657,121.4058851,108.0,146.0,12.0
2021-02-03 07:51:10,31.187287,121.405878,109.0,149.0,12.0
2021-02-03 07:51:11,31.1873111,121.4058746,109.0,152.0,13.0
2021-02-03 07:51:12,31.1873352,121.4058713,109.0,155.0,13.0
2021-02-03 07:51:13,31.1873602,121.4058658,110.0,158.0,13.0
2021-02-03 07:51:14,31.1873853,121.4058604,110.0,161.0,13.0
2021-02-03 07:51:15,31.1874121,121.4058666,110.0,164.0,13.0
2021-02-03 07:51:16,31.187439,121.4058728,109.0,168.0,13.0
2021-02-03 07:51:17,31.1874652,121.405876,109.0,170.0,13.0
2021-02-03 07:51:18,31.1874914,121.4058793,109.0,173.0,13.0
2021-02-03 07:51:19,31.1875151,121.4058734,111.0,176.0,13.0
2021-02-03 07:51:20,31.1875389,121.4058676,111.0,178.0,13.0
2021-02-03 07:51:21,31.1875564,121.4058547,110.0,180.0,13.0
2021-02-03 07:51:22,31.1875739,121.4058418,111.0,181.0,13.0
2021-02-03 07:51:23,31.1875784,121.4058248,111.0,183.0,13.0
2021-02-03 07:51:24,31.1875829,121.4058078,111.0,185.0,13.0
2021-02-03 07:51:25,31.1875773,121.4057894,111.0,187.0,13.0
2021-02-03 07:51:26,31.1875717,121.4057711,111.0,189.0,13.0
2021-02-03 07:51:27,31.1875639,121.4057513,110.0,191.0,13.0
2021-02-03 07:51:28,31.1875562,121.4057315,110.0,193.0,13.0
2021-02-03 07:51:29,31.1875473,121.405708,110.0,196.0,13.0
2021-02-03 07:51:30,31.1875385,121.4056845,110.0,199.0,13.0
2021-02-03 07:51:31,31.1875271,121.4056534,110.0,203.0,13.0
2021-02-03 07:51:32,31.1875157,121.4056224,110.0,207.0,13.0
2021-02-03 07:51:33,31.1875041,121.4055908,111.0,210.0,13.0
2021-02-03 07:51:34,31.1874926,121.4055592,111.0,212.0,13.0
2021-02-03 07:51:35,31.1874834,121.4055314,111.0,214.0,13.0
2021-02-03 07:51:36,31.1874743,121.4055036,110.0,217.0,13.0
2021-02-03 07:51:37,31.1874681,121.4054792,111.0,219.0,13.0
2021-02-03 07:51:38,31.1874619,121.4054549,111.0,221.0,13.0
2021-02-03 07:51:39,31.1874579,121.4054337,111.0,223.0,13.0
2021-02-03 07:51:40,31.1874539,121.4054126,111.0,225.0,13.0
2021-02-03 07:51:41,31.1874533,121.4053907,111.0,228.0,13.0
2021-02-03 07:51:42,31.1874527,121.4053688,109.0,230.0,13.0
2021-02-03 07:51:43,31.1874522,121.405341,108.0,234.0,13.0
2021-02-03 07:51:44,31.1874517,121.4053133,107.0,237.0,13.0
2021-02-03 07:51:45,31.1874479,121.4052823,108.0,240.0,13.0
2021-02-03 07:51:46,31.1874442,121.4052513,107.0,243.0,14.0
2021-02-03 07:51:47,31.1874355,121.4052207,107.0,246.0,13.0
2021-02-03 07:51:48,31.1874269,121.4051901,107.0,249.0,13.0
2021-02-03 07:51:49,31.1874146,121.4051587,107.0,252.0,13.0
2021-02-03 07:51:50,31.1874023,121.4051274,105.0,256.0,13.0
2021-02-03 07:51:51,31.1873903,121.4050971,104.0,259.0,13.0
2021-02-03 07:51:52,31.1873783,121.4050669,105.0,262.0,13.0
2021-02-03 07:51:53,31.1873661,121.4050335,105.0,266.0,13.0
2021-02-03 07:51:54,31.187354,121.4050002,105.0,270.0,13.0
2021-02-03 07:51:55,31.18734,121.4049646,105.0,274.0,13.0
2021-02-03 07:51:56,31.187326,121.4049291,105.0,277.0,13.0
2021-02-03 07:51:57,31.1873135,121.4048969,106.0,280.0,13.0
2021-02-03 07:51:58,31.187301,121.4048648,106.0,282.0,13.0
2021-02-03 07:51:59,31.1872897,121.4048386,106.0,284.0,13.0
2021-02-03 07:52:00,31.1872784,121.4048124,106.0,287.0,13.0
2021-02-03 07:52:01,31.1872699,121.4047909,105.0,289.0,13.0
2021-02-03 07:52:02,31.1872614,121.4047695,106.0,291.0,13.0
2021-02-03 07:52:03,31.187255,121.404747,105.0,294.0,13.0
2021-02-03 07:52:04,31.1872486,121.4047245,105.0,296.0,13.0
2021-02-03 07:52:05,31.1872425,121.4046998,105.0,299.0,13.0
2021-02-03 07:52:06,31.1872364,121.4046752,104.0,302.0,14.0
2021-02-03 07:52:07,31.1872283,121.4046481,105.0,305.0,14.0
2021-02-03 07:52:08,31.1872202,121.4046211,106.0,308.0,14.0
2021-02-03 07:52:09,31.1872095,121.4045934,106.0,310.0,14.0
2021-02-03 07:52:10,31.1871989,121.4045657,106.0,313.0,14.0
2021-02-03 07:52:11,31.1871882,121.404538,106.0,316.0,14.0
2021-02-03 07:52:12,31.1871776,121.4045104,106.0,319.0,14.0
2021-02-03 07:52:13,31.1871642,121.4044819,106.0,322.0,14.0
2021-02-03 07:52:14,31.1871508,121.4044535,106.0,326.0,14.0
2021-02-03 07:52:15,31.1871422,121.4044241,107.0,328.0,14.0
2021-02-03 07:52:16,31.1871336,121.4043948,107.0,331.0,14.0
2021-02-03 07:52:17,31.1871268,121.4043681,107.0,334.0,13.0
2021-02-03 07:52:18,31.1871201,121.4043415,108.0,336.0,13.0
2021-02-03 07:52:19,31.1871114,121.4043157,108.0,338.0,13.0
2021-02-03 07:52:20,31.1871028,121.40429,108.0,341.0,13.0
2021-02-03 07:52:21,31.1870937,121.4042614,107.0,344.0,13.0
2021-02-03 07:52:22,31.1870846,121.4042328,108.0,348.0,13.0
2021-02-03 07:52:23,31.1870786,121.404202,108.0,350.0,13.0
2021-02-03 07:52:24,31.1870727,121.4041712,106.0,353.0,13.0
2021-02-03 07:52:25,31.1870702,121.4041403,106.0,356.0,13.0
2021-02-03 07:52:26,31.1870677,121.4041094,106.0,359.0,13.0
2021-02-03 07:52:27,31.1870639,121.4040786,106.0,362.0,13.0
2021-02-03 07:52:28,31.1870601,121.4040479,108.0,365.0,13.0
2021-02-03 07:52:29,31.1870551,121.4040145,108.0,369.0,13.0
2021-02-03 07:52:30,31.1870502,121.4039812,108.0,373.0,13.0
2021-02-03 07:52:31,31.1870481,121.4039465,107.0,376.0,13.0
2021-02-03 07:52:32,31.187046,121.4039119,108.0,379.0,13.0
2021-02-03 07:52:33,31.1870469,121.4038803,108.0,382.0,13.0
2021-02-03 07:52:34,31.1870479,121.4038487,108.0,384.0,13.0
2021-02-03 07:52:35,31.1870519,121.4038165,108.0,388.0,13.0
2021-02-03 07:52:36,31.1870559,121.4037844,109.0,391.0,13.0
2021-02-03 07:52:37,31.1870605,121.4037524,109.0,394.0,12.0
2021-02-03 07:52:38,31.1870651,121.4037205,109.0,397.0,12.0
2021-02-03 07:52:39,31.1870709,121.40369,109.0,400.0,12.0
2021-02-03 07:52:40,31.1870768,121.4036596,110.0,403.0,12.0
2021-02-03 07:52:41,31.1870833,121.4036303,109.0,406.0,12.0
2021-02-03 07:52:42,31.1870899,121.403601,110.0,408.0,12.0
2021-02-03 07:52:43,31.1870961,121.403573,110.0,410.0,12.0
2021-02-03 07:52:44,31.1871024,121.403545,109.0,413.0,12.0
2021-02-03 07:52:45,31.1871076,121.4035156,109.0,416.0,12.0
2021-02-03 07:52:46,31.1871128,121.4034863,108.0,420.0,12.0
2021-02-03 07:52:47,31.1871155,121.403458,109.0,422.0,12.0
2021-02-03 07:52:48,31.1871182,121.4034298,109.0,424.0,12.0
2021-02-03 07:52:49,31.1871209,121.403403,109.0,427.0,12.0
2021-02-03 07:52:50,31.1871237,121.4033763,109.0,430.0,12.0
2021-02-03 07:52:51,31.187128,121.4033524,108.0,432.0,12.0
2021-02-03 07:52:52,31.1871323,121.4033286,109.0,433.0,12.0
2021-02-03 07:52:53,31.1871297,121.403305,109.0,436.0,12.0
2021-02-03 07:52:54,31.1871271,121.4032815,109.0,439.0,12.0
2021-02-03 07:52:55,31.1871183,121.4032601,108.0,441.0,12.0
2021-02-03 07:52:56,31.1871095,121.4032387,109.0,443.0,12.0
2021-02-03 07:52:57,31.1870998,121.4032173,109.0,446.0,12.0
2021-02-03 07:52:58,31.1870902,121.4031959,109.0,448.0,12.0
2021-02-03 07:52:59,31.187081,121.4031723,110.0,450.0,12.0
2021-02-03 07:53:00,31.1870719,121.4031488,110.0,453.0,12.0
2021-02-03 07:53:01,31.1870655,121.4031245,109.0,455.0,12.0
2021-02-03 07:53:02,31.1870592,121.4031003,110.0,457.0,12.0
2021-02-03 07:53:03,31.187055,121.4030763,110.0,460.0,12.0
2021-02-03 07:53:04,31.1870508,121.4030523,110.0,462.0,12.0
2021-02-03 07:53:05,31.1870468,121.4030278,110.0,464.0,12.0
2021-02-03 07:53:06,31.1870428,121.4030034,110.0,467.0,13.0
2021-02-03 07:53:07,31.1870385,121.4029779,110.0,470.0,13.0
2021-02-03 07:53:08,31.1870343,121.4029525,110.0,472.0,13.0
2021-02-03 07:53:09,31.1870293,121.4029242,110.0,475.0,13.0
2021-02-03 07:53:10,31.1870244,121.402896,110.0,478.0,13.0
2021-02-03 07:53:11,31.1870206,121.4028647,109.0,482.0,13.0
2021-02-03 07:53:12,31.1870168,121.4028335,110.0,485.0,13.0
2021-02-03 07:53:13,31.1870155,121.4027974,110.0,489.0,13.0
2021-02-03 07:53:14,31.1870142,121.4027614,110.0,493.0,13.0
2021-02-03 07:53:15,31.1870189,121.4027249,110.0,496.0,13.0
2021-02-03 07:53:16,31.1870237,121.4026885,109.0,499.0,13.0
2021-02-03 07:53:17,31.1870267,121.4026573,110.0,501.0,13.0
2021-02-03 07:53:18,31.1870297,121.4026262,112.0,503.0,13.0
2021-02-03 07:53:19,31.1870242,121.4026021,112.0,506.0,13.0
2021-02-03 07:53:20,31.1870188,121.402578,112.0,508.0,13.0
2021-02-03 07:53:21,31.1870071,121.4025547,112.0,511.0,13.0
2021-02-03 07:53:22,31.1869954,121.4025315,113.0,514.0,13.0
2021-02-03 07:53:23,31.1869836,121.4025075,113.0,516.0,13.0
2021-02-03 07:53:24,31.1869719,121.4024835,112.0,519.0,13.0
2021-02-03 07:53:25,31.1869651,121.4024594,112.0,521.0,13.0
2021-02-03 07:53:26,31.1869583,121.4024353,112.0,523.0,13.0
2021-02-03 07:53:27,31.1869545,121.4024102,112.0,526.0,13.0
2021-02-03 07:53:28,31.1869508,121.4023851,112.0,528.0,13.0
2021-02-03 07:53:29,31.1869488,121.4023582,112.0,531.0,13.0
2021-02-03 07:53:30,31.1869469,121.4023313,112.0,534.0,13.0
2021-02-03 07:53:31,31.1869484,121.4023049,110.0,536.0,13.0
2021-02-03 07:53:32,31.1869499,121.4022785,111.0,538.0,13.0
2021-02-03 07:53:33,31.1869548,121.402254,111.0,540.0,13.0
2021-02-03 07:53:34,31.1869597,121.4022295,111.0,543.0,13.0
2021-02-03 07:53:35,31.1869618,121.4022071,111.0,545.0,13.0
2021-02-03 07:53:36,31.186964,121.4021848,112.0,547.0,13.0
2021-02-03 07:53:37,31.186961,121.4021612,112.0,550.0,13.0
2021-02-03 07:53:38,31.1869581,121.4021377,112.0,552.0,13.0
2021-02-03 07:53:39,31.1869545,121.4021118,112.0,554.0,13.0
2021-02-03 07:53:40,31.1869509,121.402086,112.0,557.0,13.0
2021-02-03 07:53:41,31.1869494,121.4020589,112.0,560.0,13.0
2021-02-03 07:53:42,31.1869479,121.4020319,112.0,562.0,13.0
2021-02-03 07:53:43,31.1869493,121.4020053,112.0,564.0,13.0
2021-02-03 07:53:44,31.1869508,121.4019788,112.0,567.0,13.0
2021-02-03 07:53:45,31.1869512,121.4019531,112.0,570.0,13.0
2021-02-03 07:53:46,31.1869517,121.4019275,112.0,572.0,13.0
2021-02-03 07:53:47,31.1869476,121.4019032,112.0,574.0,13.0
2021-02-03 07:53:48,31.1869436,121.4018789,112.0,576.0,13.0
2021-02-03 07:53:49,31.1869359,121.4018549,112.0,579.0,13.0
2021-02-03 07:53:50,31.1869282,121.401831,112.0,582.0,13.0
2021-02-03 07:53:51,31.1869183,121.4018055,112.0,585.0,13.0
2021-02-03 07:53:52,31.1869084,121.4017801,112.0,588.0,13.0
2021-02-03 07:53:53,31.1868958,121.4017556,112.0,590.0,13.0
2021-02-03 07:53:54,31.1868832,121.4017312,112.0,593.0,13.0
2021-02-03 07:53:55,31.1868703,121.4017103,112.0,595.0,13.0
2021-02-03 07:53:56,31.1868574,121.4016894,112.0,597.0,13.0
2021-02-03 07:53:57,31.1868483,121.4016675,114.0,600.0,13.0
2021-02-03 07:53:58,31.1868392,121.4016456,114.0,602.0,13.0
2021-02-03 07:53:59,31.1868352,121.4016208,114.0,604.0,13.0
2021-02-03 07:54:00,31.1868312,121.4015961,112.0,607.0,13.0
2021-02-03 07:54:01,31.1868281,121.4015724,112.0,609.0,13.0
2021-02-03 07:54:02,31.1868251,121.4015488,112.0,611.0,13.0
2021-02-03 07:54:03,31.1868212,121.4015253,112.0,614.0,13.0
2021-02-03 07:54:04,31.1868174,121.4015019,112.0,616.0,13.0
2021-02-03 07:54:05,31.186813,121.4014786,112.0,618.0,13.0
2021-02-03 07:54:06,31.1868087,121.4014553,112.0,620.0,14.0
2021-02-03 07:54:07,31.1868076,121.4014275,112.0,624.0,14.0
2021-02-03 07:54:08,31.1868065,121.4013997,112.0,627.0,14.0
2021-02-03 07:54:09,31.1868075,121.4013684,112.0,630.0,14.0
2021-02-03 07:54:10,31.1868085,121.4013372,112.0,633.0,14.0
2021-02-03 07:54:11,31.1868061,121.4013075,112.0,636.0,14.0
2021-02-03 07:54:12,31.1868038,121.4012779,112.0,638.0,14.0
2021-02-03 07:54:13,31.1867976,121.4012499,112.0,640.0,14.0
2021-02-03 07:54:14,31.1867915,121.4012219,112.0,643.0,14.0
2021-02-03 07:54:15,31.1867851,121.4011951,112.0,646.0,14.0
2021-02-03 07:54:16,31.1867788,121.4011684,111.0,648.0,14.0
2021-02-03 07:54:17,31.1867734,121.4011426,112.0,650.0,13.0
2021-02-03 07:54:18,31.1867681,121.4011169,112.0,653.0,13.0
2021-02-03 07:54:19,31.1867632,121.4010926,113.0,655.0,13.0
2021-02-03 07:54:20,31.1867584,121.4010683,113.0,657.0,13.0
2021-02-03 07:54:21,31.1867542,121.4010449,112.0,660.0,13.0
2021-02-03 07:54:22,31.1867501,121.4010215,113.0,662.0,13.0
2021-02-03 07:54:23,31.1867465,121.4009983,113.0,664.0,13.0
2021-02-03 07:54:24,31.1867429,121.4009751,113.0,667.0,13.0
2021-02-03 07:54:25,31.1867385,121.4009506,113.0,670.0,13.0
2021-02-03 07:54:26,31.1867342,121.4009262,112.0,672.0,13.0
2021-02-03 07:54:27,31.1867278,121.4009021,113.0,674.0,13.0
2021-02-03 07:54:28,31.1867214,121.400878,113.0,677.0,13.0
2021-02-03 07:54:29,31.1867081,121.4008532,111.0,680.0,13.0
2021-02-03 07:54:30,31.1866948,121.4008284,111.0,684.0,13.0
2021-02-03 07:54:31,31.1866797,121.4008031,111.0,686.0,13.0
2021-02-03 07:54:32,31.1866646,121.4007778,111.0,689.0,13.0
2021-02-03 07:54:33,31.1866524,121.4007534,111.0,691.0,13.0
2021-02-03 07:54:34,31.1866402,121.4007291,111.0,693.0,13.0
2021-02-03 07:54:35,31.1866295,121.4007074,111.0,696.0,13.0
2021-02-03 07:54:36,31.1866188,121.4006857,110.0,698.0,13.0
2021-02-03 07:54:37,31.1866072,121.4006632,111.0,700.0,13.0
2021-02-03 07:54:38,31.1865957,121.4006407,112.0,703.0,13.0
2021-02-03 07:54:39,31.1865844,121.4006168,112.0,706.0,13.0
2021-02-03 07:54:40,31.1865732,121.400593,112.0,709.0,13.0
2021-02-03 07:54:41,31.1865614,121.4005678,112.0,712.0,13.0
2021-02-03 07:54:42,31.1865496,121.4005426,112.0,714.0,13.0
2021-02-03 07:54:43,31.186537,121.4005166,112.0,718.0,13.0
2021-02-03 07:54:44,31.1865245,121.4004906,112.0,721.0,13.0
2021-02-03 07:54:45,31.1865106,121.4004631,113.0,724.0,13.0
2021-02-03 07:54:46,31.1864967,121.4004356,113.0,727.0,13.0
2021-02-03 07:54:47,31.1864806,121.4004049,117.0,731.0,13.0
2021-02-03 07:54:48,31.1864646,121.4003742,121.0,735.0,13.0
2021-02-03 07:54:49,31.1864491,121.4003428,125.0,738.0,13.0
2021-02-03 07:54:50,31.1864337,121.4003115,129.0,741.0,13.0
2021-02-03 07:54:51,31.1864201,121.4002839,133.0,744.0,13.0
2021-02-03 07:54:52,31.1864065,121.4002563,133.0,746.0,13.0
2021-02-03 07:54:53,31.1863924,121.4002358,137.0,748.0,13.0
2021-02-03 07:54:54,31.1863784,121.4002153,139.0,750.0,13.0
2021-02-03 07:54:55,31.1863631,121.4002057,140.0,752.0,13.0
2021-02-03 07:54:56,31.1863478,121.4001962,140.0,754.0,13.0
2021-02-03 07:54:57,31.1863302,121.400198,141.0,756.0,13.0
2021-02-03 07:54:58,31.1863127,121.4001998,141.0,758.0,13.0
2021-02-03 07:54:59,31.1862964,121.4002082,141.0,760.0,13.0
2021-02-03 07:55:00,31.1862802,121.4002167,140.0,762.0,13.0
2021-02-03 07:55:01,31.186264,121.4002293,140.0,764.0,13.0
2021-02-03 07:55:02,31.1862479,121.4002419,140.0,767.0,13.0
2021-02-03 07:55:03,31.1862304,121.4002564,140.0,770.0,13.0
2021-02-03 07:55:04,31.1862129,121.400271,140.0,772.0,13.0
2021-02-03 07:55:05,31.186196,121.4002845,140.0,774.0,13.0
2021-02-03 07:55:06,31.1861791,121.400298,141.0,775.0,13.0
2021-02-03 07:55:07,31.186164,121.4003069,143.0,777.0,13.0
2021-02-03 07:55:08,31.1861489,121.4003159,145.0,779.0,13.0
2021-02-03 07:55:09,31.186131,121.4003213,145.0,782.0,13.0
2021-02-03 07:55:10,31.1861131,121.4003268,146.0,784.0,13.0
2021-02-03 07:55:11,31.1860922,121.4003285,145.0,786.0,13.0
2021-02-03 07:55:12,31.1860713,121.4003302,145.0,789.0,13.0
2021-02-03 07:55:13,31.1860479,121.400329,145.0,792.0,13.0
2021-02-03 07:55:14,31.1860245,121.4003279,145.0,795.0,13.0
2021-02-03 07:55:15,31.1859997,121.4003283,145.0,798.0,13.0
2021-02-03 07:55:16,31.185975,121.4003287,144.0,800.0,13.0
2021-02-03 07:55:17,31.1859492,121.4003321,145.0,803.0,13.0
2021-02-03 07:55:18,31.1859235,121.4003355,146.0,806.0,13.0
2021-02-03 07:55:19,31.1858981,121.4003382,147.0,808.0,13.0
2021-02-03 07:55:20,31.1858728,121.400341,147.0,811.0,13.0
2021-02-03 07:55:21,31.1858506,121.4003421,146.0,813.0,13.0
2021-02-03 07:55:22,31.1858284,121.4003432,147.0,815.0,13.0
2021-02-03 07:55:23,31.1858085,121.4003432,147.0,818.0,13.0
2021-02-03 07:55:24,31.1857886,121.4003433,146.0,820.0,13.0
2021-02-03 07:55:25,31.1857666,121.4003453,145.0,823.0,13.0
2021-02-03 07:55:26,31.1857447,121.4003473,144.0,826.0,13.0
2021-02-03 07:55:27,31.1857204,121.4003515,144.0,829.0,13.0
2021-02-03 07:55:28,31.1856961,121.4003557,144.0,832.0,13.0
2021-02-03 07:55:29,31.1856702,121.4003596,144.0,834.0,13.0
2021-02-03 07:55:30,31.1856443,121.4003635,144.0,837.0,13.0
2021-02-03 07:55:31,31.1856201,121.4003725,143.0,840.0,13.0
2021-02-03 07:55:32,31.1855959,121.4003816,143.0,842.0,13.0
2021-02-03 07:55:33,31.1855755,121.4003974,143.0,845.0,13.0
2021-02-03 07:55:34,31.1855551,121.4004132,142.0,848.0,13.0
2021-02-03 07:55:35,31.1855385,121.4004292,142.0,850.0,13.0
2021-02-03 07:55:36,31.1855219,121.4004452,142.0,851.0,13.0
2021-02-03 07:55:37,31.1855069,121.40046,142.0,854.0,13.0
2021-02-03 07:55:38,31.185492,121.4004749,142.0,856.0,13.0
2021-02-03 07:55:39,31.1854754,121.4004919,142.0,859.0,13.0
2021-02-03 07:55:40,31.1854589,121.400509,142.0,862.0,13.0
2021-02-03 07:55:41,31.1854429,121.4005319,141.0,865.0,13.0
2021-02-03 07:55:42,31.1854269,121.4005548,141.0,868.0,13.0
2021-02-03 07:55:43,31.1854134,121.4005807,140.0,871.0,13.0
2021-02-03 07:55:44,31.1854,121.4006066,140.0,874.0,13.0
2021-02-03 07:55:45,31.1853889,121.4006314,140.0,876.0,13.0
2021-02-03 07:55:46,31.1853778,121.4006563,139.0,878.0,13.0
2021-02-03 07:55:47,31.185367,121.4006756,140.0,880.0,13.0
2021-02-03 07:55:48,31.1853563,121.400695,140.0,881.0,13.0
2021-02-03 07:55:49,31.1853445,121.4007106,140.0,884.0,13.0
2021-02-03 07:55:50,31.1853327,121.4007262,140.0,886.0,13.0
2021-02-03 07:55:51,31.185319,121.4007428,140.0,888.0,13.0
2021-02-03 07:55:52,31.1853053,121.4007595,140.0,891.0,13.0
2021-02-03 07:55:53,31.1852899,121.4007783,140.0,894.0,13.0
2021-02-03 07:55:54,31.1852745,121.4007971,140.0,896.0,13.0
2021-02-03 07:55:55,31.185256,121.4008107,140.0,898.0,13.0
2021-02-03 07:55:56,31.1852375,121.4008243,140.0,901.0,13.0
2021-02-03 07:55:57,31.1852194,121.4008353,140.0,903.0,13.0
2021-02-03 07:55:58,31.1852013,121.4008464,142.0,905.0,13.0
2021-02-03 07:55:59,31.1851843,121.4008574,142.0,907.0,13.0
2021-02-03 07:56:00,31.1851673,121.4008685,142.0,909.0,13.0
2021-02-03 07:56:01,31.1851505,121.4008809,141.0,911.0,13.0
2021-02-03 07:56:02,31.1851338,121.4008933,142.0,913.0,13.0
2021-02-03 07:56:03,31.1851173,121.4009054,142.0,916.0,13.0
2021-02-03 07:56:04,31.1851009,121.4009175,142.0,918.0,13.0
2021-02-03 07:56:05,31.1850853,121.4009297,142.0,920.0,13.0
2021-02-03 07:56:06,31.1850698,121.4009419,141.0,922.0,13.0
2021-02-03 07:56:07,31.1850522,121.400957,142.0,926.0,13.0
2021-02-03 07:56:08,31.1850347,121.4009721,142.0,929.0,13.0
2021-02-03 07:56:09,31.1850165,121.4009926,142.0,932.0,13.0
2021-02-03 07:56:10,31.1849984,121.4010131,142.0,934.0,13.0
2021-02-03 07:56:11,31.1849798,121.4010401,141.0,938.0,13.0
2021-02-03 07:56:12,31.1849612,121.4010672,142.0,942.0,13.0
2021-02-03 07:56:13,31.18494,121.4010943,142.0,945.0,13.0
2021-02-03 07:56:14,31.1849189,121.4011214,141.0,948.0,13.0
2021-02-03 07:56:15,31.184898,121.4011452,141.0,951.0,13.0
2021-02-03 07:56:16,31.1848772,121.4011691,140.0,954.0,13.0
2021-02-03 07:56:17,31.184859,121.4011896,140.0,956.0,13.0
2021-02-03 07:56:18,31.1848408,121.4012102,140.0,959.0,13.0
2021-02-03 07:56:19,31.1848251,121.4012249,140.0,960.0,13.0
2021-02-03 07:56:20,31.1848094,121.4012396,142.0,962.0,13.0
2021-02-03 07:56:21,31.1847935,121.4012508,141.0,964.0,13.0
2021-02-03 07:56:22,31.1847777,121.4012621,142.0,967.0,13.0
2021-02-03 07:56:23,31.1847622,121.401273,142.0,968.0,13.0
2021-02-03 07:56:24,31.1847468,121.4012839,143.0,970.0,13.0
2021-02-03 07:56:25,31.1847335,121.4012948,143.0,972.0,13.0
2021-02-03 07:56:26,31.1847202,121.4013058,143.0,973.0,13.0
2021-02-03 07:56:27,31.1847074,121.4013175,143.0,976.0,13.0
2021-02-03 07:56:28,31.1846947,121.4013292,143.0,978.0,13.0
2021-02-03 07:56:29,31.1846809,121.4013421,143.0,980.0,13.0
2021-02-03 07:56:30,31.1846672,121.4013551,143.0,982.0,13.0
2021-02-03 07:56:31,31.1846514,121.4013656,144.0,984.0,14.0
2021-02-03 07:56:32,31.1846356,121.4013762,144.0,986.0,14.0
2021-02-03 07:56:33,31.1846168,121.4013817,144.0,988.0,14.0
2021-02-03 07:56:34,31.184598,121.4013872,144.0,991.0,14.0
2021-02-03 07:56:35,31.184577,121.4013893,144.0,994.0,14.0
2021-02-03 07:56:36,31.184556,121.4013914,144.0,996.0,14.0
2021-02-03 07:56:37,31.1845359,121.4013954,144.0,998.0,13.0
2021-02-03 07:56:38,31.1845158,121.4013994,144.0,999.0,13.0
2021-02-03 07:56:39,31.1844969,121.4014049,144.0,1002.0,13.0
2021-02-03 07:56:40,31.1844781,121.4014104,143.0,1004.0,13.0
2021-02-03 07:56:41,31.1844589,121.4014169,143.0,1006.0,13.0
2021-02-03 07:56:42,31.1844397,121.4014235,143.0,1009.0,13.0
2021-02-03 07:56:43,31.1844201,121.4014307,143.0,1011.0,13.0
2021-02-03 07:56:44,31.1844006,121.401438,143.0,1013.0,13.0
2021-02-03 07:56:45,31.1843804,121.4014457,143.0,1016.0,13.0
2021-02-03 07:56:46,31.1843602,121.4014534,142.0,1018.0,14.0
2021-02-03 07:56:47,31.1843389,121.4014629,143.0,1021.0,14.0
2021-02-03 07:56:48,31.1843177,121.4014724,143.0,1024.0,14.0
2021-02-03 07:56:49,31.1842959,121.4014834,143.0,1026.0,14.0
2021-02-03 07:56:50,31.1842741,121.4014945,143.0,1029.0,14.0
2021-02-03 07:56:51,31.1842526,121.4015063,142.0,1032.0,14.0
2021-02-03 07:56:52,31.1842311,121.4015181,143.0,1034.0,14.0
2021-02-03 07:56:53,31.1842098,121.4015276,143.0,1036.0,14.0
2021-02-03 07:56:54,31.1841886,121.4015371,143.0,1039.0,14.0
2021-02-03 07:56:55,31.1841695,121.4015457,143.0,1041.0,14.0
2021-02-03 07:56:56,31.1841504,121.4015544,142.0,1043.0,14.0
2021-02-03 07:56:57,31.1841337,121.4015655,143.0,1045.0,14.0
2021-02-03 07:56:58,31.184117,121.4015766,143.0,1047.0,14.0
2021-02-03 07:56:59,31.1841008,121.4015891,143.0,1050.0,14.0
2021-02-03 07:57:00,31.1840847,121.4016017,143.0,1052.0,14.0
2021-02-03 07:57:01,31.1840675,121.4016136,142.0,1054.0,14.0
2021-02-03 07:57:02,31.1840503,121.4016256,143.0,1056.0,14.0
2021-02-03 07:57:03,31.1840324,121.4016382,143.0,1059.0,14.0
2021-02-03 07:57:04,31.1840146,121.4016509,143.0,1062.0,14.0
2021-02-03 07:57:05,31.1839945,121.4016658,143.0,1064.0,14.0
2021-02-03 07:57:06,31.1839744,121.4016807,142.0,1067.0,14.0
2021-02-03 07:57:07,31.1839544,121.401698,143.0,1070.0,14.0
2021-02-03 07:57:08,31.1839345,121.4017154,143.0,1073.0,14.0
2021-02-03 07:57:09,31.183916,121.4017345,143.0,1076.0,14.0
2021-02-03 07:57:10,31.1838976,121.4017537,144.0,1078.0,14.0
2021-02-03 07:57:11,31.1838807,121.4017734,144.0,1080.0,14.0
2021-02-03 07:57:12,31.1838638,121.4017931,144.0,1083.0,14.0
2021-02-03 07:57:13,31.1838462,121.4018114,144.0,1086.0,14.0
2021-02-03 07:57:14,31.1838287,121.4018298,144.0,1088.0,14.0
2021-02-03 07:57:15,31.1838118,121.4018449,144.0,1090.0,14.0
2021-02-03 07:57:16,31.1837949,121.40186,144.0,1092.0,14.0
2021-02-03 07:57:17,31.1837769,121.401873,144.0,1095.0,14.0
2021-02-03 07:57:18,31.183759,121.401886,144.0,1098.0,14.0
2021-02-03 07:57:19,31.1837413,121.4018984,144.0,1100.0,14.0
2021-02-03 07:57:20,31.1837236,121.4019108,144.0,1102.0,14.0
2021-02-03 07:57:21,31.1837057,121.4019235,143.0,1104.0,14.0
2021-02-03 07:57:22,31.1836879,121.4019363,145.0,1107.0,14.0
2021-02-03 07:57:23,31.1836695,121.4019483,145.0,1109.0,14.0
2021-02-03 07:57:24,31.1836511,121.4019604,145.0,1111.0,14.0
2021-02-03 07:57:25,31.1836323,121.4019702,145.0,1114.0,14.0
2021-02-03 07:57:26,31.1836136,121.4019801,145.0,1116.0,15.0
2021-02-03 07:57:27,31.1835942,121.4019882,146.0,1118.0,15.0
2021-02-03 07:57:28,31.1835749,121.4019963,146.0,1120.0,15.0
2021-02-03 07:57:29,31.1835558,121.4020036,147.0,1122.0,15.0
2021-02-03 07:57:30,31.1835367,121.402011,147.0,1125.0,15.0
2021-02-03 07:57:31,31.1835167,121.402019,147.0,1128.0,15.0
2021-02-03 07:57:32,31.1834967,121.4020271,147.0,1130.0,15.0
2021-02-03 07:57:33,31.1834754,121.4020356,148.0,1132.0,15.0
2021-02-03 07:57:34,31.1834542,121.4020442,148.0,1135.0,15.0
2021-02-03 07:57:35,31.1834342,121.402054,148.0,1137.0,15.0
2021-02-03 07:57:36,31.1834142,121.4020639,148.0,1139.0,15.0
2021-02-03 07:57:37,31.183395,121.402075,148.0,1142.0,15.0
2021-02-03 07:57:38,31.1833759,121.4020862,148.0,1144.0,15.0
2021-02-03 07:57:39,31.1833591,121.4020978,148.0,1146.0,15.0
2021-02-03 07:57:40,31.1833423,121.4021094,148.0,1148.0,15.0
2021-02-03 07:57:41,31.183325,121.4021212,147.0,1150.0,15.0
2021-02-03 07:57:42,31.1833077,121.402133,147.0,1153.0,15.0
2021-02-03 07:57:43,31.1832904,121.4021443,147.0,1155.0,15.0
2021-02-03 07:57:44,31.1832731,121.4021557,147.0,1157.0,15.0
2021-02-03 07:57:45,31.1832557,121.4021681,147.0,1160.0,15.0
2021-02-03 07:57:46,31.1832383,121.4021805,147.0,1162.0,15.0
2021-02-03 07:57:47,31.1832199,121.4021946,147.0,1165.0,15.0
2021-02-03 07:57:48,31.1832016,121.4022088,147.0,1168.0,15.0
2021-02-03 07:57:49,31.183183,121.4022249,147.0,1170.0,15.0
2021-02-03 07:57:50,31.1831644,121.402241,147.0,1172.0,15.0
2021-02-03 07:57:51,31.1831472,121.4022586,147.0,1174.0,15.0
2021-02-03 07:57:52,31.1831301,121.4022763,147.0,1177.0,15.0
2021-02-03 07:57:53,31.1831104,121.4022929,147.0,1180.0,15.0
2021-02-03 07:57:54,31.1830908,121.4023096,146.0,1184.0,15.0
2021-02-03 07:57:55,31.1830687,121.4023252,146.0,1186.0,15.0
2021-02-03 07:57:56,31.1830467,121.4023409,146.0,1189.0,15.0
2021-02-03 07:57:57,31.1830269,121.4023549,145.0,1191.0,15.0
2021-02-03 07:57:58,31.1830072,121.402369,145.0,1193.0,15.0
2021-02-03 07:57:59,31.1829899,121.4023838,145.0,1196.0,15.0
2021-02-03 07:58:00,31.1829726,121.4023986,145.0,1198.0,15.0
2021-02-03 07:58:01,31.1829572,121.4024153,144.0,1200.0,15.0
2021-02-03 07:58:02,31.1829419,121.402432,145.0,1203.0,15.0
2021-02-03 07:58:03,31.1829267,121.4024499,145.0,1206.0,15.0
2021-02-03 07:58:04,31.1829116,121.4024678,145.0,1208.0,15.0
2021-02-03 07:58:05,31.1828959,121.4024846,146.0,1210.0,15.0
2021-02-03 07:58:06,31.1828802,121.4025014,146.0,1212.0,15.0
2021-02-03 07:58:07,31.1828644,121.4025176,146.0,1214.0,15.0
2021-02-03 07:58:08,31.1828487,121.4025339,146.0,1217.0,15.0
2021-02-03 07:58:09,31.1828327,121.4025496,146.0,1220.0,15.0
2021-02-03 07:58:10,31.1828168,121.4025653,146.0,1222.0,15.0
2021-02-03 07:58:11,31.1828007,121.4025801,146.0,1224.0,16.0
2021-02-03 07:58:12,31.1827847,121.4025949,146.0,1226.0,16.0
2021-02-03 07:58:13,31.1827685,121.402609,146.0,1228.0,16.0
2021-02-03 07:58:14,31.1827523,121.4026231,146.0,1231.0,16.0
2021-02-03 07:58:15,31.1827346,121.4026376,146.0,1234.0,16.0
2021-02-03 07:58:16,31.1827169,121.4026522,146.0,1236.0,16.0
2021-02-03 07:58:17,31.1826984,121.4026664,146.0,1238.0,16.0
2021-02-03 07:58:18,31.1826799,121.4026807,146.0,1241.0,16.0
2021-02-03 07:58:19,31.1826611,121.4026959,145.0,1244.0,16.0
2021-02-03 07:58:20,31.1826423,121.4027112,145.0,1246.0,16.0
2021-02-03 07:58:21,31.1826249,121.4027261,144.0,1248.0,16.0
2021-02-03 07:58:22,31.1826076,121.4027411,145.0,1250.0,15.0
2021-02-03 07:58:23,31.1825903,121.402755,145.0,1252.0,15.0
2021-02-03 07:58:24,31.1825731,121.402769,145.0,1255.0,15.0
2021-02-03 07:58:25,31.1825549,121.4027817,145.0,1258.0,15.0
2021-02-03 07:58:26,31.1825367,121.4027945,144.0,1260.0,15.0
2021-02-03 07:58:27,31.1825164,121.402807,145.0,1262.0,15.0
2021-02-03 07:58:28,31.1824962,121.4028196,145.0,1265.0,15.0
2021-02-03 07:58:29,31.1824758,121.4028323,145.0,1268.0,15.0
2021-02-03 07:58:30,31.1824555,121.402845,146.0,1270.0,15.0
2021-02-03 07:58:31,31.1824345,121.402857,145.0,1273.0,15.0
2021-02-03 07:58:32,31.1824136,121.402869,146.0,1276.0,15.0
2021-02-03 07:58:33,31.182392,121.4028789,146.0,1278.0,15.0
2021-02-03 07:58:34,31.1823704,121.4028889,146.0,1281.0,15.0
2021-02-03 07:58:35,31.1823505,121.4028975,146.0,1283.0,15.0
2021-02-03 07:58:36,31.1823307,121.4029061,144.0,1285.0,15.0
2021-02-03 07:58:37,31.1823112,121.4029134,145.0,1288.0,14.0
2021-02-03 07:58:38,31.1822917,121.4029207,145.0,1290.0,14.0
2021-02-03 07:58:39,31.1822726,121.40293,145.0,1292.0,14.0
2021-02-03 07:58:40,31.1822536,121.4029394,145.0,1294.0,14.0
2021-02-03 07:58:41,31.1822359,121.402952,145.0,1296.0,14.0
2021-02-03 07:58:42,31.1822183,121.4029647,145.0,1299.0,14.0
2021-02-03 07:58:43,31.1822003,121.4029767,145.0,1301.0,14.0
2021-02-03 07:58:44,31.1821823,121.4029888,145.0,1303.0,14.0
2021-02-03 07:58:45,31.182164,121.4029982,145.0,1306.0,14.0
2021-02-03 07:58:46,31.1821457,121.4030076,144.0,1308.0,14.0
2021-02-03 07:58:47,31.1821264,121.4030161,145.0,1310.0,14.0
2021-02-03 07:58:48,31.1821072,121.4030247,144.0,1313.0,14.0
2021-02-03 07:58:49,31.182087,121.4030341,144.0,1316.0,14.0
2021-02-03 07:58:50,31.1820669,121.4030435,144.0,1318.0,14.0
2021-02-03 07:58:51,31.1820475,121.4030561,143.0,1320.0,14.0
2021-02-03 07:58:52,31.1820281,121.4030688,143.0,1323.0,14.0
2021-02-03 07:58:53,31.1820082,121.4030874,143.0,1326.0,14.0
2021-02-03 07:58:54,31.1819884,121.4031061,143.0,1330.0,14.0
2021-02-03 07:58:55,31.181968,121.4031271,142.0,1332.0,14.0
2021-02-03 07:58:56,31.1819476,121.4031481,142.0,1335.0,14.0
2021-02-03 07:58:57,31.1819262,121.4031671,142.0,1338.0,14.0
2021-02-03 07:58:58,31.1819048,121.4031861,142.0,1341.0,14.0
2021-02-03 07:58:59,31.1818836,121.4032018,142.0,1344.0,14.0
2021-02-03 07:59:00,31.1818625,121.4032176,141.0,1346.0,14.0
2021-02-03 07:59:01,31.1818421,121.4032301,140.0,1348.0,14.0
2021-02-03 07:59:02,31.1818218,121.4032426,141.0,1351.0,13.0
2021-02-03 07:59:03,31.1818023,121.4032541,141.0,1354.0,13.0
2021-02-03 07:59:04,31.1817829,121.4032656,141.0,1356.0,13.0
2021-02-03 07:59:05,31.1817627,121.4032773,141.0,1358.0,13.0
2021-02-03 07:59:06,31.1817425,121.403289,140.0,1361.0,13.0
2021-02-03 07:59:07,31.1817224,121.4033034,141.0,1364.0,13.0
2021-02-03 07:59:08,31.1817024,121.4033179,141.0,1367.0,13.0
2021-02-03 07:59:09,31.1816861,121.4033367,140.0,1369.0,13.0
2021-02-03 07:59:10,31.1816698,121.4033556,140.0,1371.0,13.0
2021-02-03 07:59:11,31.181658,121.4033771,140.0,1374.0,13.0
2021-02-03 07:59:12,31.1816462,121.4033986,140.0,1376.0,13.0
2021-02-03 07:59:13,31.1816386,121.4034208,140.0,1378.0,13.0
2021-02-03 07:59:14,31.181631,121.4034431,140.0,1380.0,13.0
2021-02-03 07:59:15,31.1816267,121.4034684,140.0,1383.0,13.0
2021-02-03 07:59:16,31.1816224,121.4034937,139.0,1386.0,13.0
2021-02-03 07:59:17,31.1816213,121.4035216,140.0,1388.0,12.0
2021-02-03 07:59:18,31.1816202,121.4035495,139.0,1391.0,12.0
2021-02-03 07:59:19,31.1816229,121.4035758,138.0,1394.0,12.0
2021-02-03 07:59:20,31.1816256,121.4036021,138.0,1396.0,12.0
2021-02-03 07:59:21,31.181632,121.403626,137.0,1398.0,12.0
2021-02-03 07:59:22,31.1816385,121.40365,137.0,1401.0,12.0
2021-02-03 07:59:23,31.1816468,121.4036737,137.0,1403.0,12.0
2021-02-03 07:59:24,31.1816552,121.4036974,137.0,1405.0,12.0
2021-02-03 07:59:25,31.1816634,121.4037217,137.0,1408.0,12.0
2021-02-03 07:59:26,31.1816716,121.403746,136.0,1410.0,13.0
2021-02-03 07:59:27,31.1816789,121.4037685,137.0,1412.0,13.0
2021-02-03 07:59:28,31.1816863,121.403791,138.0,1415.0,13.0
2021-02-03 07:59:29,31.1816936,121.4038144,138.0,1418.0,13.0
2021-02-03 07:59:30,31.181701,121.4038378,138.0,1420.0,13.0
2021-02-03 07:59:31,31.1817091,121.4038618,138.0,1422.0,13.0
2021-02-03 07:59:32,31.1817172,121.4038859,139.0,1425.0,12.0
2021-02-03 07:59:33,31.1817273,121.4039145,139.0,1429.0,12.0
2021-02-03 07:59:34,31.1817374,121.4039432,140.0,1433.0,12.0
2021-02-03 07:59:35,31.1817503,121.4039741,140.0,1436.0,12.0
2021-02-03 07:59:36,31.1817632,121.4040051,139.0,1439.0,12.0
2021-02-03 07:59:37,31.1817779,121.4040369,141.0,1442.0,12.0
2021-02-03 07:59:38,31.1817927,121.4040687,141.0,1446.0,12.0
2021-02-03 07:59:39,31.1818054,121.4040986,140.0,1448.0,12.0
2021-02-03 07:59:40,31.1818181,121.4041285,140.0,1451.0,12.0
2021-02-03 07:59:41,31.1818292,121.4041575,143.0,1454.0,12.0
2021-02-03 07:59:42,31.1818403,121.4041865,144.0,1458.0,12.0
2021-02-03 07:59:43,31.1818507,121.4042157,144.0,1460.0,12.0
2021-02-03 07:59:44,31.1818612,121.404245,144.0,1463.0,12.0
2021-02-03 07:59:45,31.1818695,121.4042731,145.0,1466.0,12.0
2021-02-03 07:59:46,31.1818779,121.4043013,144.0,1468.0,12.0
2021-02-03 07:59:47,31.1818838,121.4043272,144.0,1470.0,12.0
2021-02-03 07:59:48,31.1818898,121.4043532,147.0,1473.0,12.0
2021-02-03 07:59:49,31.1818947,121.4043781,148.0,1476.0,12.0
2021-02-03 07:59:50,31.1818996,121.4044031,148.0,1478.0,12.0
2021-02-03 07:59:51,31.1819032,121.4044278,148.0,1480.0,12.0
2021-02-03 07:59:52,31.1819068,121.4044526,149.0,1483.0,12.0
2021-02-03 07:59:53,31.1819081,121.4044783,149.0,1486.0,12.0
2021-02-03 07:59:54,31.1819095,121.404504,149.0,1488.0,12.0
2021-02-03 07:59:55,31.1819112,121.4045319,150.0,1491.0,12.0
2021-02-03 07:59:56,31.181913,121.4045598,149.0,1494.0,12.0
2021-02-03 07:59:57,31.1819166,121.4045872,149.0,1496.0,12.0
2021-02-03 07:59:58,31.1819203,121.4046146,149.0,1499.0,12.0
2021-02-03 07:59:59,31.1819275,121.4046384,149.0,1501.0,12.0
2021-02-03 08:00:00,31.1819347,121.4046622,149.0,1503.0,12.0
2021-02-03 08:00:01,31.1819445,121.4046849,150.0,1506.0,12.0
2021-02-03 08:00:02,31.1819543,121.4047077,150.0,1509.0,12.0
2021-02-03 08:00:03,31.1819653,121.4047322,151.0,1512.0,12.0
2021-02-03 08:00:04,31.1819764,121.4047568,151.0,1514.0,12.0
2021-02-03 08:00:05,31.1819879,121.404783,150.0,1517.0,12.0
2021-02-03 08:00:06,31.1819994,121.4048093,151.0,1520.0,12.0
2021-02-03 08:00:07,31.1820101,121.4048366,150.0,1522.0,12.0
2021-02-03 08:00:08,31.1820208,121.404864,150.0,1525.0,12.0
2021-02-03 08:00:09,31.1820293,121.4048906,150.0,1528.0,12.0
2021-02-03 08:00:10,31.1820378,121.4049172,150.0,1530.0,12.0
2021-02-03 08:00:11,31.1820451,121.4049429,149.0,1532.0,12.0
2021-02-03 08:00:12,31.1820525,121.4049686,150.0,1535.0,12.0
2021-02-03 08:00:13,31.1820594,121.4049936,150.0,1538.0,12.0
2021-02-03 08:00:14,31.1820664,121.4050187,150.0,1540.0,12.0
2021-02-03 08:00:15,31.1820731,121.4050431,150.0,1542.0,12.0
2021-02-03 08:00:16,31.1820799,121.4050675,150.0,1545.0,13.0
2021-02-03 08:00:17,31.1820867,121.4050909,151.0,1548.0,13.0
2021-02-03 08:00:18,31.1820935,121.4051144,150.0,1550.0,13.0
2021-02-03 08:00:19,31.1821006,121.4051357,150.0,1552.0,13.0
2021-02-03 08:00:20,31.1821078,121.4051571,150.0,1554.0,13.0
2021-02-03 08:00:21,31.1821156,121.405178,150.0,1556.0,13.0
2021-02-03 08:00:22,31.1821234,121.4051989,151.0,1558.0,12.0
2021-02-03 08:00:23,31.18213,121.4052201,151.0,1560.0,12.0
2021-02-03 08:00:24,31.1821366,121.4052414,151.0,1563.0,12.0
2021-02-03 08:00:25,31.1821419,121.4052641,151.0,1565.0,12.0
2021-02-03 08:00:26,31.1821473,121.4052869,150.0,1567.0,12.0
2021-02-03 08:00:27,31.1821519,121.4053123,151.0,1570.0,12.0
2021-02-03 08:00:28,31.1821566,121.4053377,151.0,1573.0,12.0
2021-02-03 08:00:29,31.1821588,121.4053625,151.0,1575.0,12.0
2021-02-03 08:00:30,31.1821611,121.4053873,151.0,1577.0,12.0
2021-02-03 08:00:31,31.1821624,121.4054103,150.0,1580.0,12.0
2021-02-03 08:00:32,31.1821637,121.4054334,153.0,1582.0,12.0
2021-02-03 08:00:33,31.1821687,121.4054573,153.0,1584.0,12.0
2021-02-03 08:00:34,31.1821737,121.4054813,151.0,1586.0,12.0
2021-02-03 08:00:35,31.1821815,121.4055024,152.0,1588.0,12.0
2021-02-03 08:00:36,31.1821894,121.4055235,152.0,1590.0,12.0
2021-02-03 08:00:37,31.1821966,121.4055412,152.0,1592.0,12.0
2021-02-03 08:00:38,31.1822038,121.4055589,152.0,1593.0,12.0
2021-02-03 08:00:39,31.1822106,121.4055762,152.0,1595.0,12.0
2021-02-03 08:00:40,31.1822174,121.4055936,152.0,1597.0,12.0
2021-02-03 08:00:41,31.1822249,121.405611,152.0,1599.0,13.0
2021-02-03 08:00:42,31.1822325,121.4056284,152.0,1601.0,12.0
2021-02-03 08:00:43,31.1822412,121.4056498,152.0,1604.0,12.0
2021-02-03 08:00:44,31.1822499,121.4056712,152.0,1607.0,12.0
2021-02-03 08:00:45,31.1822572,121.4056948,152.0,1609.0,12.0
2021-02-03 08:00:46,31.1822646,121.4057184,152.0,1611.0,12.0
2021-02-03 08:00:47,31.1822724,121.4057422,152.0,1614.0,12.0
2021-02-03 08:00:48,31.1822803,121.405766,152.0,1616.0,12.0
2021-02-03 08:00:49,31.1822908,121.4057903,152.0,1619.0,12.0
2021-02-03 08:00:50,31.1823013,121.4058147,152.0,1622.0,12.0
2021-02-03 08:00:51,31.1823138,121.4058414,152.0,1626.0,12.0
2021-02-03 08:00:52,31.1823263,121.4058682,152.0,1629.0,12.0
2021-02-03 08:00:53,31.1823393,121.4058992,152.0,1632.0,12.0
2021-02-03 08:00:54,31.1823524,121.4059303,152.0,1636.0,12.0
2021-02-03 08:00:55,31.1823654,121.405962,152.0,1639.0,12.0
2021-02-03 08:00:56,31.1823784,121.4059937,151.0,1642.0,12.0
2021-02-03 08:00:57,31.18239,121.4060225,155.0,1644.0,12.0
2021-02-03 08:00:58,31.1824016,121.4060513,156.0,1647.0,12.0
2021-02-03 08:00:59,31.1824118,121.406076,155.0,1649.0,12.0
2021-02-03 08:01:00,31.1824221,121.4061008,155.0,1651.0,12.0
2021-02-03 08:01:01,31.1824299,121.406122,154.0,1653.0,12.0
2021-02-03 08:01:02,31.1824378,121.4061433,154.0,1655.0,12.0
2021-02-03 08:01:03,31.1824434,121.4061653,154.0,1658.0,12.0
2021-02-03 08:01:04,31.182449,121.4061874,154.0,1661.0,12.0
2021-02-03 08:01:05,31.1824555,121.406214,153.0,1664.0,12.0
2021-02-03 08:01:06,31.1824621,121.4062406,151.0,1667.0,12.0
2021-02-03 08:01:07,31.1824705,121.40627,152.0,1670.0,12.0
2021-02-03 08:01:08,31.182479,121.4062994,151.0,1673.0,12.0
2021-02-03 08:01:09,31.1824887,121.4063288,151.0,1676.0,12.0
2021-02-03 08:01:10,31.1824985,121.4063583,150.0,1679.0,12.0
2021-02-03 08:01:11,31.1825084,121.406386,150.0,1682.0,12.0
2021-02-03 08:01:12,31.1825184,121.4064137,151.0,1684.0,12.0
2021-02-03 08:01:13,31.1825276,121.4064383,151.0,1686.0,12.0
2021-02-03 08:01:14,31.1825368,121.406463,151.0,1688.0,12.0
2021-02-03 08:01:15,31.1825443,121.4064859,151.0,1690.0,12.0
2021-02-03 08:01:16,31.1825519,121.4065089,150.0,1693.0,12.0
2021-02-03 08:01:17,31.1825586,121.4065326,150.0,1696.0,12.0
2021-02-03 08:01:18,31.1825653,121.4065563,150.0,1698.0,12.0
2021-02-03 08:01:19,31.1825727,121.4065824,150.0,1701.0,12.0
2021-02-03 08:01:20,31.1825801,121.4066086,150.0,1704.0,12.0
2021-02-03 08:01:21,31.1825873,121.4066353,150.0,1706.0,12.0
2021-02-03 08:01:22,31.1825946,121.406662,150.0,1709.0,12.0
2021-02-03 08:01:23,31.1826018,121.4066874,150.0,1712.0,12.0
2021-02-03 08:01:24,31.182609,121.4067129,151.0,1714.0,12.0
2021-02-03 08:01:25,31.182614,121.4067366,151.0,1716.0,12.0
2021-02-03 08:01:26,31.182619,121.4067604,150.0,1718.0,12.0
2021-02-03 08:01:27,31.1826207,121.406783,151.0,1720.0,12.0
2021-02-03 08:01:28,31.1826225,121.4068057,150.0,1722.0,12.0
2021-02-03 08:01:29,31.182624,121.4068272,150.0,1724.0,12.0
2021-02-03 08:01:30,31.1826255,121.4068488,150.0,1726.0,12.0
2021-02-03 08:01:31,31.1826289,121.4068713,149.0,1728.0,12.0
2021-02-03 08:01:32,31.1826323,121.4068938,149.0,1731.0,12.0
2021-02-03 08:01:33,31.1826363,121.4069168,149.0,1733.0,12.0
2021-02-03 08:01:34,31.1826403,121.4069398,149.0,1735.0,12.0
2021-02-03 08:01:35,31.182643,121.4069631,148.0,1738.0,12.0
2021-02-03 08:01:36,31.1826458,121.4069864,148.0,1740.0,12.0
2021-02-03 08:01:37,31.1826486,121.4070094,148.0,1742.0,12.0
2021-02-03 08:01:38,31.1826514,121.4070324,148.0,1744.0,12.0
2021-02-03 08:01:39,31.1826561,121.4070565,148.0,1746.0,12.0
2021-02-03 08:01:40,31.1826608,121.4070806,148.0,1749.0,12.0
2021-02-03 08:01:41,31.1826653,121.4071044,147.0,1752.0,12.0
2021-02-03 08:01:42,31.1826699,121.4071282,148.0,1754.0,12.0
2021-02-03 08:01:43,31.1826739,121.407153,148.0,1756.0,12.0
2021-02-03 08:01:44,31.182678,121.4071778,148.0,1759.0,12.0
2021-02-03 08:01:45,31.1826845,121.4072037,147.0,1762.0,12.0
2021-02-03 08:01:46,31.182691,121.4072296,146.0,1764.0,12.0
2021-02-03 08:01:47,31.1826994,121.4072564,147.0,1767.0,12.0
2021-02-03 08:01:48,31.1827079,121.4072833,147.0,1770.0,12.0
2021-02-03 08:01:49,31.1827164,121.4073121,147.0,1773.0,12.0
2021-02-03 08:01:50,31.1827249,121.4073409,147.0,1776.0,12.0
2021-02-03 08:01:51,31.1827323,121.4073714,146.0,1779.0,12.0
2021-02-03 08:01:52,31.1827397,121.4074019,147.0,1782.0,12.0
2021-02-03 08:01:53,31.1827423,121.4074309,148.0,1784.0,12.0
2021-02-03 08:01:54,31.1827449,121.40746,149.0,1787.0,12.0
2021-02-03 08:01:55,31.1827396,121.4074877,149.0,1790.0,12.0
2021-02-03 08:01:56,31.1827344,121.4075154,148.0,1793.0,12.0
2021-02-03 08:01:57,31.1827226,121.4075415,149.0,1796.0,12.0
2021-02-03 08:01:58,31.1827108,121.4075677,150.0,1799.0,12.0
2021-02-03 08:01:59,31.182696,121.4075934,149.0,1802.0,12.0
2021-02-03 08:02:00,31.1826813,121.4076191,149.0,1805.0,12.0
2021-02-03 08:02:01,31.182667,121.4076449,148.0,1808.0,13.0
2021-02-03 08:02:02,31.1826527,121.4076707,149.0,1810.0,12.0
2021-02-03 08:02:03,31.1826423,121.4076974,149.0,1812.0,12.0
2021-02-03 08:02:04,31.1826319,121.4077241,149.0,1815.0,12.0
2021-02-03 08:02:05,31.1826266,121.4077511,149.0,1818.0,12.0
2021-02-03 08:02:06,31.1826214,121.4077781,149.0,1821.0,12.0
2021-02-03 08:02:07,31.18262,121.4078064,150.0,1824.0,12.0
2021-02-03 08:02:08,31.1826186,121.4078347,150.0,1826.0,12.0
2021-02-03 08:02:09,31.1826207,121.4078626,150.0,1828.0,12.0
2021-02-03 08:02:10,31.1826228,121.4078906,150.0,1831.0,12.0
2021-02-03 08:02:11,31.1826265,121.4079176,151.0,1834.0,12.0
2021-02-03 08:02:12,31.1826302,121.4079446,152.0,1836.0,12.0
2021-02-03 08:02:13,31.1826341,121.407969,152.0,1838.0,12.0
2021-02-03 08:02:14,31.1826381,121.4079935,153.0,1841.0,12.0
2021-02-03 08:02:15,31.1826423,121.4080165,153.0,1843.0,12.0
2021-02-03 08:02:16,31.1826465,121.4080395,152.0,1845.0,12.0
2021-02-03 08:02:17,31.1826506,121.4080606,153.0,1846.0,12.0
2021-02-03 08:02:18,31.1826548,121.4080818,153.0,1848.0,12.0
2021-02-03 08:02:19,31.1826586,121.4081002,153.0,1850.0,12.0
2021-02-03 08:02:20,31.1826624,121.4081187,153.0,1852.0,12.0
2021-02-03 08:02:21,31.1826642,121.4081371,153.0,1854.0,12.0
2021-02-03 08:02:22,31.1826661,121.4081556,153.0,1856.0,12.0
2021-02-03 08:02:23,31.1826628,121.408178,153.0,1859.0,12.0
2021-02-03 08:02:24,31.1826595,121.4082004,153.0,1862.0,12.0
2021-02-03 08:02:25,31.1826529,121.4082292,153.0,1865.0,12.0
2021-02-03 08:02:26,31.1826463,121.4082581,153.0,1868.0,12.0
2021-02-03 08:02:27,31.1826389,121.4082854,153.0,1870.0,12.0
2021-02-03 08:02:28,31.1826316,121.4083127,153.0,1872.0,12.0
2021-02-03 08:02:29,31.1826232,121.4083339,153.0,1874.0,12.0
2021-02-03 08:02:30,31.1826149,121.4083551,153.0,1876.0,12.0
2021-02-03 08:02:31,31.1826077,121.4083758,153.0,1878.0,12.0
2021-02-03 08:02:32,31.1826005,121.4083966,153.0,1881.0,12.0
2021-02-03 08:02:33,31.1825967,121.4084231,153.0,1884.0,12.0
2021-02-03 08:02:34,31.182593,121.4084496,153.0,1887.0,12.0
2021-02-03 08:02:35,31.1825946,121.4084764,153.0,1889.0,12.0
2021-02-03 08:02:36,31.1825963,121.4085033,153.0,1891.0,12.0
2021-02-03 08:02:37,31.1826018,121.4085259,153.0,1893.0,12.0
2021-02-03 08:02:38,31.1826074,121.4085485,153.0,1895.0,12.0
2021-02-03 08:02:39,31.1826116,121.4085692,153.0,1897.0,12.0
2021-02-03 08:02:40,31.1826159,121.40859,153.0,1899.0,12.0
2021-02-03 08:02:41,31.1826188,121.4086122,152.0,1902.0,12.0
2021-02-03 08:02:42,31.1826217,121.4086344,153.0,1904.0,12.0
2021-02-03 08:02:43,31.1826239,121.4086571,153.0,1906.0,12.0
2021-02-03 08:02:44,31.1826262,121.4086799,153.0,1907.0,12.0
2021-02-03 08:02:45,31.1826258,121.4086982,153.0,1908.0,12.0
2021-02-03 08:02:46,31.1826255,121.4087166,152.0,1910.0,12.0
2021-02-03 08:02:47,31.1826248,121.4087317,153.0,1912.0,12.0
2021-02-03 08:02:48,31.1826241,121.4087469,153.0,1913.0,12.0
2021-02-03 08:02:49,31.1826245,121.4087637,153.0,1915.0,12.0
2021-02-03 08:02:50,31.182625,121.4087806,153.0,1917.0,12.0
2021-02-03 08:02:51,31.1826258,121.4087916,153.0,1918.0,12.0
2021-02-03 08:02:52,31.1826267,121.4088026,154.0,1918.0,12.0
2021-02-03 08:02:53,31.1826276,121.4088137,153.0,1918.0,12.0
2021-02-03 08:02:54,31.1826294,121.4088261,153.0,1918.0,12.0
2021-02-03 08:02:55,31.1826313,121.4088386,153.0,1921.0,12.0
2021-02-03 08:02:56,31.182633,121.4088549,153.0,1924.0,12.0
2021-02-03 08:02:57,31.1826348,121.4088712,154.0,1926.0,12.0
2021-02-03 08:02:58,31.1826355,121.4088951,154.0,1929.0,12.0
2021-02-03 08:02:59,31.1826362,121.408919,154.0,1932.0,12.0
2021-02-03 08:03:00,31.1826358,121.4089496,154.0,1936.0,12.0
2021-02-03 08:03:01,31.1826355,121.4089802,154.0,1939.0,12.0
2021-02-03 08:03:02,31.1826375,121.4090135,154.0,1942.0,12.0
2021-02-03 08:03:03,31.1826396,121.4090468,154.0,1945.0,12.0
2021-02-03 08:03:04,31.1826444,121.4090808,154.0,1948.0,12.0
2021-02-03 08:03:05,31.1826493,121.4091149,155.0,1951.0,12.0
2021-02-03 08:03:06,31.1826546,121.4091472,155.0,1954.0,13.0
2021-02-03 08:03:07,31.18266,121.4091796,155.0,1957.0,13.0
2021-02-03 08:03:08,31.1826654,121.4092085,155.0,1960.0,13.0
2021-02-03 08:03:09,31.1826709,121.4092374,155.0,1962.0,13.0
2021-02-03 08:03:10,31.1826797,121.4092606,156.0,1964.0,13.0
2021-02-03 08:03:11,31.1826886,121.4092838,155.0,1966.0,13.0
2021-02-03 08:03:12,31.1827013,121.4092997,156.0,1968.0,13.0
2021-02-03 08:03:13,31.1827141,121.4093156,156.0,1970.0,13.0
2021-02-03 08:03:14,31.1827271,121.4093229,156.0,1971.0,13.0
2021-02-03 08:03:15,31.1827401,121.4093302,154.0,1973.0,13.0
2021-02-03 08:03:16,31.182755,121.4093326,154.0,1975.0,13.0
2021-02-03 08:03:17,31.18277,121.409335,155.0,1977.0,13.0
2021-02-03 08:03:18,31.1827879,121.409338,155.0,1979.0,13.0
2021-02-03 08:03:19,31.1828058,121.409341,155.0,1981.0,13.0
2021-02-03 08:03:20,31.1828246,121.4093444,155.0,1983.0,13.0
2021-02-03 08:03:21,31.1828434,121.4093478,155.0,1985.0,13.0
2021-02-03 08:03:22,31.1828617,121.4093507,155.0,1987.0,13.0
2021-02-03 08:03:23,31.1828801,121.4093536,156.0,1989.0,13.0
2021-02-03 08:03:24,31.1828974,121.4093559,157.0,1991.0,13.0
2021-02-03 08:03:25,31.1829147,121.4093583,157.0,1992.0,13.0
2021-02-03 08:03:26,31.1829302,121.4093601,156.0,1994.0,13.0
2021-02-03 08:03:27,31.1829457,121.4093619,157.0,1996.0,13.0
2021-02-03 08:03:28,31.1829626,121.4093622,155.0,1998.0,13.0
2021-02-03 08:03:29,31.1829795,121.4093626,155.0,2000.0,13.0
2021-02-03 08:03:30,31.1829978,121.4093628,155.0,2003.0,13.0
2021-02-03 08:03:31,31.1830162,121.4093631,155.0,2004.0,13.0
2021-02-03 08:03:32,31.1830338,121.4093645,155.0,2006.0,13.0
2021-02-03 08:03:33,31.1830515,121.409366,155.0,2008.0,13.0
2021-02-03 08:03:34,31.1830702,121.409371,157.0,2011.0,13.0
2021-02-03 08:03:35,31.183089,121.409376,155.0,2014.0,13.0
2021-02-03 08:03:36,31.1831093,121.4093835,155.0,2016.0,13.0
2021-02-03 08:03:37,31.1831297,121.4093911,155.0,2018.0,13.0
2021-02-03 08:03:38,31.1831504,121.4093951,155.0,2020.0,13.0
2021-02-03 08:03:39,31.1831712,121.4093992,155.0,2023.0,13.0
2021-02-03 08:03:40,31.1831931,121.4093996,157.0,2026.0,13.0
2021-02-03 08:03:41,31.183215,121.4094,156.0,2028.0,13.0
2021-02-03 08:03:42,31.1832371,121.4094005,157.0,2030.0,13.0
2021-02-03 08:03:43,31.1832593,121.4094011,157.0,2033.0,13.0
2021-02-03 08:03:44,31.1832838,121.4093997,155.0,2036.0,13.0
2021-02-03 08:03:45,31.1833084,121.4093983,155.0,2040.0,13.0
2021-02-03 08:03:46,31.1833362,121.409393,155.0,2043.0,13.0
2021-02-03 08:03:47,31.183364,121.4093877,156.0,2046.0,13.0
2021-02-03 08:03:48,31.1833917,121.4093809,155.0,2049.0,13.0
2021-02-03 08:03:49,31.1834195,121.4093742,155.0,2052.0,13.0
2021-02-03 08:03:50,31.1834459,121.4093688,155.0,2055.0,13.0
2021-02-03 08:03:51,31.1834724,121.4093634,155.0,2057.0,13.0
2021-02-03 08:03:52,31.1834964,121.409359,156.0,2059.0,13.0
2021-02-03 08:03:53,31.1835205,121.4093547,156.0,2062.0,13.0
2021-02-03 08:03:54,31.1835441,121.4093512,157.0,2065.0,13.0
2021-02-03 08:03:55,31.1835677,121.4093477,157.0,2068.0,13.0
2021-02-03 08:03:56,31.1835926,121.4093466,156.0,2071.0,13.0
2021-02-03 08:03:57,31.1836176,121.4093455,157.0,2074.0,13.0
2021-02-03 08:03:58,31.1836452,121.4093456,157.0,2078.0,13.0
2021-02-03 08:03:59,31.1836729,121.4093457,157.0,2080.0,13.0
2021-02-03 08:04:00,31.183699,121.4093457,157.0,2083.0,13.0
2021-02-03 08:04:01,31.1837252,121.4093457,156.0,2086.0,13.0
2021-02-03 08:04:02,31.1837494,121.4093473,155.0,2088.0,13.0
2021-02-03 08:04:03,31.1837737,121.4093489,156.0,2090.0,13.0
2021-02-03 08:04:04,31.1837954,121.4093514,156.0,2093.0,13.0
2021-02-03 08:04:05,31.1838172,121.409354,155.0,2094.0,13.0
2021-02-03 08:04:06,31.1838341,121.4093553,155.0,2096.0,14.0
2021-02-03 08:04:07,31.1838511,121.4093567,155.0,2097.0,14.0
2021-02-03 08:04:08,31.1838647,121.4093594,157.0,2098.0,14.0
2021-02-03 08:04:09,31.1838784,121.4093621,157.0,2101.0,14.0
2021-02-03 08:04:10,31.1838968,121.4093638,156.0,2104.0,14.0
2021-02-03 08:04:11,31.1839153,121.4093656,156.0,2106.0,14.0
2021-02-03 08:04:12,31.1839362,121.4093671,156.0,2108.0,14.0
2021-02-03 08:04:13,31.1839572,121.4093686,156.0,2111.0,14.0
2021-02-03 08:04:14,31.1839803,121.409367,157.0,2114.0,14.0
2021-02-03 08:04:15,31.1840034,121.4093655,157.0,2116.0,14.0
2021-02-03 08:04:16,31.184026,121.4093651,156.0,2118.0,14.0
2021-02-03 08:04:17,31.1840486,121.4093647,157.0,2121.0,14.0
2021-02-03 08:04:18,31.1840724,121.4093641,157.0,2124.0,14.0
2021-02-03 08:04:19,31.1840962,121.4093636,157.0,2127.0,14.0
2021-02-03 08:04:20,31.1841197,121.409363,157.0,2130.0,14.0
2021-02-03 08:04:21,31.1841432,121.4093624,159.0,2132.0,15.0
2021-02-03 08:04:22,31.1841621,121.4093619,160.0,2133.0,14.0
2021-02-03 08:04:23,31.184181,121.4093614,160.0,2134.0,14.0
2021-02-03 08:04:24,31.1841972,121.4093604,160.0,2136.0,14.0
2021-02-03 08:04:25,31.1842135,121.4093595,160.0,2138.0,14.0
2021-02-03 08:04:26,31.1842305,121.4093551,160.0,2140.0,14.0
2021-02-03 08:04:27,31.1842476,121.4093508,159.0,2142.0,13.0
2021-02-03 08:04:28,31.1842664,121.4093439,160.0,2145.0,13.0
2021-02-03 08:04:29,31.1842853,121.4093371,160.0,2148.0,13.0
2021-02-03 08:04:30,31.1843077,121.4093302,160.0,2151.0,13.0
2021-02-03 08:04:31,31.1843302,121.4093233,159.0,2154.0,13.0
2021-02-03 08:04:32,31.1843569,121.4093185,160.0,2157.0,13.0
2021-02-03 08:04:33,31.1843837,121.4093137,160.0,2160.0,13.0
2021-02-03 08:04:34,31.1844119,121.4093113,158.0,2164.0,13.0
2021-02-03 08:04:35,31.1844402,121.4093089,158.0,2166.0,13.0
2021-02-03 08:04:36,31.184467,121.4093063,158.0,2169.0,13.0
2021-02-03 08:04:37,31.1844939,121.4093038,158.0,2172.0,13.0
2021-02-03 08:04:38,31.1845197,121.4093002,158.0,2175.0,13.0
2021-02-03 08:04:39,31.1845455,121.4092966,157.0,2178.0,13.0
2021-02-03 08:04:40,31.1845709,121.4092934,157.0,2181.0,13.0
2021-02-03 08:04:41,31.1845963,121.4092902,156.0,2184.0,13.0
2021-02-03 08:04:42,31.1846211,121.4092899,157.0,2186.0,13.0
2021-02-03 08:04:43,31.184646,121.4092897,157.0,2188.0,13.0
2021-02-03 08:04:44,31.1846707,121.4092896,158.0,2191.0,13.0
2021-02-03 08:04:45,31.1846955,121.4092896,158.0,2194.0,13.0
2021-02-03 08:04:46,31.1847194,121.4092881,157.0,2197.0,13.0
2021-02-03 08:04:47,31.1847433,121.4092866,159.0,2200.0,13.0
2021-02-03 08:04:48,31.1847668,121.4092857,159.0,2202.0,13.0
2021-02-03 08:04:49,31.1847903,121.4092849,159.0,2204.0,13.0
2021-02-03 08:04:50,31.1848139,121.4092841,160.0,2207.0,13.0
2021-02-03 08:04:51,31.1848376,121.4092834,159.0,2210.0,13.0
2021-02-03 08:04:52,31.1848619,121.4092838,160.0,2213.0,13.0
2021-02-03 08:04:53,31.1848863,121.4092842,159.0,2216.0,13.0
2021-02-03 08:04:54,31.1849106,121.4092856,160.0,2218.0,13.0
2021-02-03 08:04:55,31.184935,121.409287,160.0,2221.0,13.0
2021-02-03 08:04:56,31.1849594,121.4092883,161.0,2224.0,13.0
2021-02-03 08:04:57,31.1849838,121.4092897,162.0,2226.0,13.0
2021-02-03 08:04:58,31.1850085,121.4092881,162.0,2229.0,13.0
2021-02-03 08:04:59,31.1850332,121.4092865,161.0,2232.0,13.0
2021-02-03 08:05:00,31.1850542,121.4092805,161.0,2234.0,13.0
2021-02-03 08:05:01,31.1850752,121.4092745,161.0,2236.0,13.0
2021-02-03 08:05:02,31.1850921,121.4092619,161.0,2238.0,13.0
2021-02-03 08:05:03,31.1851091,121.4092494,161.0,2241.0,13.0
2021-02-03 08:05:04,31.1851279,121.4092338,161.0,2244.0,13.0
2021-02-03 08:05:05,31.1851467,121.4092183,161.0,2246.0,13.0
2021-02-03 08:05:06,31.1851668,121.4092062,161.0,2248.0,13.0
2021-02-03 08:05:07,31.1851869,121.4091942,163.0,2251.0,13.0
2021-02-03 08:05:08,31.1852078,121.4091855,161.0,2254.0,13.0
2021-02-03 08:05:09,31.1852287,121.4091769,161.0,2256.0,13.0
2021-02-03 08:05:10,31.1852494,121.4091699,161.0,2258.0,13.0
2021-02-03 08:05:11,31.1852702,121.409163,160.0,2260.0,13.0
2021-02-03 08:05:12,31.1852918,121.4091569,161.0,2263.0,12.0
2021-02-03 08:05:13,31.1853135,121.4091509,161.0,2266.0,12.0
2021-02-03 08:05:14,31.1853359,121.4091468,161.0,2268.0,12.0
2021-02-03 08:05:15,31.1853583,121.4091427,161.0,2271.0,12.0
2021-02-03 08:05:16,31.1853823,121.4091402,161.0,2274.0,12.0
2021-02-03 08:05:17,31.1854064,121.4091378,161.0,2276.0,12.0
2021-02-03 08:05:18,31.1854291,121.4091391,161.0,2279.0,12.0
2021-02-03 08:05:19,31.1854519,121.4091404,161.0,2281.0,12.0
2021-02-03 08:05:20,31.1854745,121.409144,161.0,2283.0,12.0
2021-02-03 08:05:21,31.1854972,121.4091477,160.0,2286.0,12.0
2021-02-03 08:05:22,31.1855224,121.4091528,160.0,2290.0,12.0
2021-02-03 08:05:23,31.1855476,121.4091579,160.0,2292.0,12.0
2021-02-03 08:05:24,31.1855718,121.4091575,160.0,2295.0,12.0
2021-02-03 08:05:25,31.185596,121.4091571,162.0,2297.0,12.0
2021-02-03 08:05:26,31.1856169,121.4091541,161.0,2299.0,13.0
2021-02-03 08:05:27,31.1856378,121.4091512,160.0,2302.0,12.0
2021-02-03 08:05:28,31.1856583,121.4091474,160.0,2304.0,12.0
2021-02-03 08:05:29,31.1856788,121.4091436,160.0,2306.0,12.0
2021-02-03 08:05:30,31.1857013,121.4091409,160.0,2309.0,12.0
2021-02-03 08:05:31,31.1857238,121.4091383,159.0,2312.0,12.0
2021-02-03 08:05:32,31.1857475,121.4091373,160.0,2315.0,12.0
2021-02-03 08:05:33,31.1857712,121.4091364,160.0,2318.0,12.0
2021-02-03 08:05:34,31.1857961,121.4091359,160.0,2320.0,12.0
2021-02-03 08:05:35,31.185821,121.4091355,160.0,2322.0,12.0
2021-02-03 08:05:36,31.1858448,121.4091328,160.0,2325.0,12.0
2021-02-03 08:05:37,31.1858687,121.4091301,162.0,2328.0,12.0
2021-02-03 08:05:38,31.1858912,121.4091241,161.0,2330.0,12.0
2021-02-03 08:05:39,31.1859137,121.4091181,161.0,2333.0,12.0
2021-02-03 08:05:40,31.1859371,121.4091104,160.0,2336.0,12.0
2021-02-03 08:05:41,31.1859606,121.4091027,159.0,2339.0,12.0
2021-02-03 08:05:42,31.1859847,121.4090953,160.0,2342.0,12.0
2021-02-03 08:05:43,31.1860089,121.4090879,160.0,2344.0,12.0
2021-02-03 08:05:44,31.1860332,121.4090819,160.0,2347.0,12.0
2021-02-03 08:05:45,31.1860575,121.409076,160.0,2350.0,12.0
2021-02-03 08:05:46,31.1860826,121.409073,159.0,2353.0,12.0
2021-02-03 08:05:47,31.1861078,121.40907,159.0,2356.0,12.0
2021-02-03 08:05:48,31.1861334,121.4090682,159.0,2359.0,12.0
2021-02-03 08:05:49,31.186159,121.4090664,159.0,2362.0,12.0
2021-02-03 08:05:50,31.1861843,121.4090646,159.0,2364.0,12.0
2021-02-03 08:05:51,31.1862097,121.4090628,159.0,2367.0,12.0
2021-02-03 08:05:52,31.1862362,121.4090619,159.0,2370.0,12.0
2021-02-03 08:05:53,31.1862628,121.4090611,159.0,2373.0,12.0
2021-02-03 08:05:54,31.1862888,121.4090612,159.0,2376.0,12.0
2021-02-03 08:05:55,31.1863148,121.4090613,158.0,2378.0,12.0
2021-02-03 08:05:56,31.1863401,121.4090618,158.0,2381.0,12.0
2021-02-03 08:05:57,31.1863655,121.4090624,158.0,2384.0,12.0
2021-02-03 08:05:58,31.1863895,121.4090647,158.0,2387.0,12.0
2021-02-03 08:05:59,31.1864135,121.409067,158.0,2390.0,12.0
2021-02-03 08:06:00,31.1864375,121.4090672,158.0,2392.0,12.0
2021-02-03 08:06:01,31.1864615,121.4090675,158.0,2394.0,12.0
2021-02-03 08:06:02,31.1864846,121.4090653,158.0,2397.0,12.0
2021-02-03 08:06:03,31.1865078,121.4090631,159.0,2400.0,12.0
2021-02-03 08:06:04,31.1865304,121.4090599,158.0,2402.0,12.0
2021-02-03 08:06:05,31.1865531,121.4090568,158.0,2404.0,12.0
2021-02-03 08:06:06,31.1865751,121.4090537,158.0,2407.0,12.0
2021-02-03 08:06:07,31.1865972,121.4090507,158.0,2410.0,12.0
2021-02-03 08:06:08,31.1866198,121.4090485,157.0,2412.0,12.0
2021-02-03 08:06:09,31.1866425,121.4090463,157.0,2415.0,12.0
2021-02-03 08:06:10,31.1866655,121.4090449,157.0,2418.0,12.0
2021-02-03 08:06:11,31.1866885,121.4090435,157.0,2420.0,12.0
2021-02-03 08:06:12,31.186712,121.4090423,157.0,2422.0,12.0
2021-02-03 08:06:13,31.1867355,121.4090411,159.0,2426.0,12.0
2021-02-03 08:06:14,31.186761,121.4090401,157.0,2429.0,12.0
2021-02-03 08:06:15,31.1867866,121.4090391,159.0,2432.0,12.0
2021-02-03 08:06:16,31.1868142,121.4090381,158.0,2435.0,12.0
2021-02-03 08:06:17,31.1868419,121.4090372,159.0,2438.0,12.0
2021-02-03 08:06:18,31.1868563,121.4090326,159.0,2441.0,12.0
2021-02-03 08:06:19,31.1868708,121.409028,159.0,2444.0,12.0
2021-02-03 08:06:20,31.1868852,121.4090234,159.0,2447.0,12.0
2021-02-03 08:06:21,31.1868997,121.4090188,159.0,2450.0,12.0
2021-02-03 08:06:22,31.1869236,121.4090076,159.0,2453.0,12.0
2021-02-03 08:06:23,31.1869476,121.4089965,160.0,2454.0,12.0
2021-02-03 08:06:24,31.1869695,121.4089882,160.0,2456.0,12.0
2021-02-03 08:06:25,31.1869915,121.40898,160.0,2458.0,12.0
2021-02-03 08:06:26,31.1870116,121.4089762,160.0,2461.0,12.0
2021-02-03 08:06:27,31.1870317,121.4089725,160.0,2463.0,12.0
2021-02-03 08:06:28,31.1870506,121.4089749,158.0,2465.0,12.0
2021-02-03 08:06:29,31.1870695,121.4089774,160.0,2467.0,12.0
2021-02-03 08:06:30,31.1870882,121.4089858,160.0,2469.0,12.0
2021-02-03 08:06:31,31.187107,121.4089942,159.0,2472.0,12.0
2021-02-03 08:06:32,31.1871255,121.4090025,160.0,2474.0,12.0
2021-02-03 08:06:33,31.1871441,121.4090108,160.0,2476.0,12.0
2021-02-03 08:06:34,31.1871631,121.4090149,158.0,2478.0,12.0
2021-02-03 08:06:35,31.1871821,121.409019,159.0,2480.0,12.0
2021-02-03 08:06:36,31.1872008,121.4090208,158.0,2482.0,12.0
2021-02-03 08:06:37,31.1872195,121.4090226,159.0,2484.0,12.0
2021-02-03 08:06:38,31.1872381,121.4090235,159.0,2487.0,12.0
2021-02-03 08:06:39,31.1872567,121.4090245,159.0,2489.0,12.0
2021-02-03 08:06:40,31.1872769,121.409023,159.0,2491.0,12.0
2021-02-03 08:06:41,31.1872971,121.4090215,160.0,2493.0,12.0
2021-02-03 08:06:42,31.187317,121.4090184,160.0,2495.0,12.0
2021-02-03 08:06:43,31.1873369,121.4090154,160.0,2496.0,12.0
2021-02-03 08:06:44,31.1873544,121.4090135,160.0,2498.0,12.0
2021-02-03 08:06:45,31.1873719,121.4090116,159.0,2500.0,12.0
2021-02-03 08:06:46,31.1873892,121.4090113,159.0,2503.0,12.0
2021-02-03 08:06:47,31.1874065,121.409011,162.0,2506.0,12.0
2021-02-03 08:06:48,31.1874257,121.4090106,162.0,2508.0,12.0
2021-02-03 08:06:49,31.187445,121.4090103,164.0,2510.0,12.0
2021-02-03 08:06:50,31.1874667,121.4090097,165.0,2513.0,12.0
2021-02-03 08:06:51,31.1874884,121.4090091,165.0,2516.0,12.0
2021-02-03 08:06:52,31.1875108,121.4090064,165.0,2518.0,12.0
2021-02-03 08:06:53,31.1875332,121.4090038,165.0,2520.0,12.0
2021-02-03 08:06:54,31.1875544,121.4089988,165.0,2523.0,12.0
2021-02-03 08:06:55,31.1875756,121.4089939,164.0,2526.0,12.0
2021-02-03 08:06:56,31.1875959,121.4089854,165.0,2528.0,12.0
2021-02-03 08:06:57,31.1876162,121.4089769,165.0,2531.0,12.0
2021-02-03 08:06:58,31.1876379,121.4089685,165.0,2534.0,12.0
2021-02-03 08:06:59,31.1876597,121.4089601,164.0,2537.0,12.0
2021-02-03 08:07:00,31.1876837,121.4089564,164.0,2540.0,12.0
2021-02-03 08:07:01,31.1877077,121.4089527,163.0,2544.0,12.0
2021-02-03 08:07:02,31.1877338,121.4089526,163.0,2547.0,12.0
2021-02-03 08:07:03,31.18776,121.4089525,163.0,2550.0,12.0
2021-02-03 08:07:04,31.187789,121.4089577,162.0,2554.0,12.0
2021-02-03 08:07:05,31.187818,121.4089629,164.0,2558.0,12.0
2021-02-03 08:07:06,31.1878491,121.408974,163.0,2561.0,12.0
2021-02-03 08:07:07,31.1878803,121.4089852,164.0,2565.0,12.0
2021-02-03 08:07:08,31.1879123,121.4089961,164.0,2569.0,12.0
2021-02-03 08:07:09,31.1879444,121.409007,164.0,2573.0,12.0
2021-02-03 08:07:10,31.1879777,121.4090109,164.0,2577.0,12.0
2021-02-03 08:07:11,31.188011,121.4090148,164.0,2580.0,12.0
2021-02-03 08:07:12,31.1880444,121.4090123,164.0,2583.0,12.0
2021-02-03 08:07:13,31.1880779,121.4090099,164.0,2586.0,12.0
2021-02-03 08:07:14,31.1881089,121.4090038,165.0,2589.0,12.0
2021-02-03 08:07:15,31.1881399,121.4089978,165.0,2592.0,12.0
2021-02-03 08:07:16,31.1881679,121.4089886,164.0,2595.0,12.0
2021-02-03 08:07:17,31.188196,121.4089795,165.0,2598.0,12.0
2021-02-03 08:07:18,31.1882221,121.4089678,165.0,2601.0,12.0
2021-02-03 08:07:19,31.1882482,121.4089562,165.0,2602.0,12.0
2021-02-03 08:07:20,31.1882702,121.4089431,166.0,2604.0,12.0
2021-02-03 08:07:21,31.1882922,121.4089301,165.0,2607.0,12.0
2021-02-03 08:07:22,31.1883081,121.4089164,166.0,2610.0,12.0
2021-02-03 08:07:23,31.1883241,121.4089028,164.0,2612.0,12.0
2021-02-03 08:07:24,31.1883359,121.4088827,164.0,2615.0,12.0
2021-02-03 08:07:25,31.1883477,121.4088626,165.0,2616.0,12.0
2021-02-03 08:07:26,31.1883571,121.4088396,164.0,2618.0,12.0
2021-02-03 08:07:27,31.1883666,121.4088166,165.0,2620.0,12.0
2021-02-03 08:07:28,31.1883745,121.4087963,165.0,2622.0,12.0
2021-02-03 08:07:29,31.1883825,121.4087761,165.0,2625.0,12.0
2021-02-03 08:07:30,31.1883887,121.408757,165.0,2628.0,12.0
2021-02-03 08:07:31,31.188395,121.408738,164.0,2630.0,12.0
2021-02-03 08:07:32,31.1883964,121.4087144,164.0,2631.0,12.0
2021-02-03 08:07:33,31.1883978,121.4086909,164.0,2632.0,12.0
2021-02-03 08:07:34,31.1883989,121.4086696,165.0,2633.0,12.0
2021-02-03 08:07:35,31.1884001,121.4086483,165.0,2636.0,12.0
2021-02-03 08:07:36,31.1884057,121.4086312,164.0,2640.0,12.0
2021-02-03 08:07:37,31.1884113,121.4086142,165.0,2643.0,12.0
2021-02-03 08:07:38,31.1884221,121.4085913,165.0,2646.0,12.0
2021-02-03 08:07:39,31.188433,121.4085684,165.0,2648.0,12.0
2021-02-03 08:07:40,31.1884417,121.4085427,165.0,2649.0,12.0
2021-02-03 08:07:41,31.1884505,121.408517,166.0,2652.0,12.0
2021-02-03 08:07:42,31.1884479,121.408495,167.0,2655.0,12.0
2021-02-03 08:07:43,31.1884454,121.4084731,167.0,2658.0,12.0
2021-02-03 08:07:44,31.1884308,121.4084522,167.0,2662.0,12.0
2021-02-03 08:07:45,31.1884162,121.4084313,167.0,2665.0,12.0
2021-02-03 08:07:46,31.188396,121.4084079,165.0,2668.0,12.0
2021-02-03 08:07:47,31.1883758,121.4083846,165.0,2670.0,12.0
2021-02-03 08:07:48,31.1883571,121.4083606,165.0,2672.0,12.0
2021-02-03 08:07:49,31.1883384,121.4083367,165.0,2675.0,12.0
2021-02-03 08:07:50,31.1883244,121.4083126,165.0,2678.0,12.0
2021-02-03 08:07:51,31.1883104,121.4082885,164.0,2680.0,12.0
2021-02-03 08:07:52,31.1883003,121.4082635,164.0,2682.0,12.0
2021-02-03 08:07:53,31.1882902,121.4082386,165.0,2684.0,12.0
2021-02-03 08:07:54,31.1882824,121.408216,165.0,2686.0,12.0
2021-02-03 08:07:55,31.1882747,121.4081935,164.0,2689.0,12.0
2021-02-03 08:07:56,31.1882688,121.4081719,164.0,2692.0,12.0
2021-02-03 08:07:57,31.1882629,121.4081503,164.0,2694.0,12.0
2021-02-03 08:07:58,31.1882551,121.4081265,164.0,2697.0,12.0
2021-02-03 08:07:59,31.1882473,121.4081027,164.0,2700.0,12.0
2021-02-03 08:08:00,31.1882376,121.4080764,164.0,2704.0,12.0
2021-02-03 08:08:01,31.1882279,121.4080501,164.0,2707.0,12.0
2021-02-03 08:08:02,31.1882163,121.4080224,164.0,2710.0,12.0
2021-02-03 08:08:03,31.1882048,121.4079947,164.0,2713.0,12.0
2021-02-03 08:08:04,31.188194,121.4079649,164.0,2716.0,12.0
2021-02-03 08:08:05,31.1881833,121.4079351,164.0,2720.0,12.0
2021-02-03 08:08:06,31.188176,121.4079019,163.0,2723.0,12.0
2021-02-03 08:08:07,31.1881688,121.4078687,165.0,2726.0,12.0
2021-02-03 08:08:08,31.1881622,121.407834,165.0,2729.0,12.0
2021-02-03 08:08:09,31.1881556,121.4077994,164.0,2731.0,12.0
2021-02-03 08:08:10,31.1881483,121.407768,164.0,2733.0,12.0
2021-02-03 08:08:11,31.1881411,121.4077367,164.0,2735.0,12.0
2021-02-03 08:08:12,31.1881405,121.4077124,164.0,2737.0,12.0
2021-02-03 08:08:13,31.1881399,121.4076882,164.0,2739.0,12.0
2021-02-03 08:08:14,31.1881444,121.4076675,164.0,2741.0,12.0
2021-02-03 08:08:15,31.1881489,121.4076468,163.0,2743.0,12.0
2021-02-03 08:08:16,31.1881522,121.4076254,161.0,2745.0,12.0
2021-02-03 08:08:17,31.1881556,121.4076041,162.0,2746.0,12.0
2021-02-03 08:08:18,31.1881555,121.4075831,162.0,2748.0,12.0
2021-02-03 08:08:19,31.1881555,121.4075622,162.0,2750.0,12.0
2021-02-03 08:08:20,31.188155,121.4075419,162.0,2753.0,12.0
2021-02-03 08:08:21,31.1881546,121.4075217,161.0,2755.0,12.0
2021-02-03 08:08:22,31.1881564,121.4075009,161.0,2757.0,12.0
2021-02-03 08:08:23,31.1881582,121.4074802,161.0,2759.0,12.0
2021-02-03 08:08:24,31.1881616,121.4074596,161.0,2761.0,12.0
2021-02-03 08:08:25,31.1881651,121.407439,161.0,2764.0,12.0
2021-02-03 08:08:26,31.1881674,121.4074157,160.0,2767.0,12.0
2021-02-03 08:08:27,31.1881697,121.4073925,160.0,2770.0,12.0
2021-02-03 08:08:28,31.1881706,121.4073652,160.0,2774.0,12.0
2021-02-03 08:08:29,31.1881716,121.407338,160.0,2778.0,12.0
2021-02-03 08:08:30,31.1881628,121.4073069,160.0,2783.0,12.0
2021-02-03 08:08:31,31.1881541,121.4072758,159.0,2786.0,12.0
2021-02-03 08:08:32,31.1881316,121.4072455,159.0,2789.0,12.0
2021-02-03 08:08:33,31.1881091,121.4072153,159.0,2792.0,12.0
2021-02-03 08:08:34,31.1880852,121.4071901,159.0,2794.0,12.0
2021-02-03 08:08:35,31.1880614,121.407165,158.0,2796.0,12.0
2021-02-03 08:08:36,31.1880431,121.4071426,158.0,2799.0,12.0
2021-02-03 08:08:37,31.1880249,121.4071202,158.0,2802.0,12.0
2021-02-03 08:08:38,31.1880112,121.4070976,158.0,2804.0,12.0
2021-02-03 08:08:39,31.1879975,121.407075,158.0,2807.0,12.0
2021-02-03 08:08:40,31.1879848,121.4070529,158.0,2810.0,12.0
2021-02-03 08:08:41,31.1879721,121.4070308,157.0,2813.0,12.0
2021-02-03 08:08:42,31.1879556,121.4070099,158.0,2816.0,12.0
2021-02-03 08:08:43,31.1879392,121.406989,158.0,2818.0,12.0
2021-02-03 08:08:44,31.1879206,121.4069698,158.0,2820.0,12.0
2021-02-03 08:08:45,31.187902,121.4069506,158.0,2822.0,12.0
2021-02-03 08:08:46,31.1878904,121.4069281,158.0,2825.0,13.0
2021-02-03 08:08:47,31.1878789,121.4069057,159.0,2827.0,12.0
2021-02-03 08:08:48,31.1878754,121.4068817,159.0,2829.0,12.0
2021-02-03 08:08:49,31.1878719,121.4068578,159.0,2832.0,12.0
2021-02-03 08:08:50,31.1878701,121.4068344,159.0,2834.0,12.0
2021-02-03 08:08:51,31.1878683,121.4068111,158.0,2836.0,12.0
2021-02-03 08:08:52,31.1878676,121.406787,159.0,2839.0,12.0
2021-02-03 08:08:53,31.1878669,121.406763,159.0,2841.0,12.0
2021-02-03 08:08:54,31.1878678,121.4067377,159.0,2843.0,12.0
2021-02-03 08:08:55,31.1878688,121.4067125,159.0,2846.0,12.0
2021-02-03 08:08:56,31.1878703,121.4066873,159.0,2848.0,12.0
2021-02-03 08:08:57,31.1878719,121.4066622,159.0,2850.0,12.0
2021-02-03 08:08:58,31.1878713,121.4066387,158.0,2852.0,12.0
2021-02-03 08:08:59,31.1878708,121.4066153,157.0,2856.0,12.0
2021-02-03 08:09:00,31.1878663,121.4065911,157.0,2859.0,12.0
2021-02-03 08:09:01,31.1878619,121.4065669,156.0,2862.0,12.0
2021-02-03 08:09:02,31.187854,121.4065384,156.0,2866.0,12.0
2021-02-03 08:09:03,31.1878462,121.4065099,156.0,2870.0,12.0
2021-02-03 08:09:04,31.1878331,121.4064787,157.0,2873.0,12.0
2021-02-03 08:09:05,31.18782,121.4064476,157.0,2876.0,12.0
2021-02-03 08:09:06,31.1878016,121.4064178,157.0,2880.0,13.0
2021-02-03 08:09:07,31.1877832,121.406388,159.0,2883.0,12.0
2021-02-03 08:09:08,31.1877625,121.4063609,159.0,2886.0,12.0
2021-02-03 08:09:09,31.1877419,121.4063338,157.0,2889.0,12.0
2021-02-03 08:09:10,31.1877226,121.4063086,157.0,2892.0,12.0
2021-02-03 08:09:11,31.1877034,121.4062835,157.0,2895.0,12.0
2021-02-03 08:09:12,31.1876878,121.4062575,157.0,2898.0,12.0
2021-02-03 08:09:13,31.1876723,121.4062316,157.0,2900.0,12.0
2021-02-03 08:09:14,31.18766,121.4062038,157.0,2903.0,12.0
2021-02-03 08:09:15,31.1876478,121.4061761,157.0,2906.0,12.0
2021-02-03 08:09:16,31.1876371,121.4061488,157.0,2908.0,12.0
2021-02-03 08:09:17,31.1876265,121.4061215,157.0,2909.0,12.0
2021-02-03 08:09:18,31.1876168,121.4060984,157.0,2910.0,12.0
2021-02-03 08:09:19,31.1876071,121.4060754,157.0,2912.0,12.0
2021-02-03 08:09:20,31.1875964,121.4060627,156.0,2913.0,12.0
2021-02-03 08:09:21,31.1875858,121.40605,155.0,2915.0,12.0
2021-02-03 08:09:22,31.1875744,121.4060467,156.0,2917.0,12.0
2021-02-03 08:09:23,31.1875631,121.4060434,156.0,2919.0,12.0
2021-02-03 08:09:24,31.1875486,121.4060461,156.0,2921.0,12.0
2021-02-03 08:09:25,31.1875341,121.4060488,156.0,2924.0,12.0
2021-02-03 08:09:26,31.1875181,121.4060541,156.0,2926.0,12.0
2021-02-03 08:09:27,31.1875021,121.4060594,157.0,2930.0,12.0
2021-02-03 08:09:28,31.1874805,121.4060652,158.0,2935.0,12.0
2021-02-03 08:09:29,31.187459,121.4060711,158.0,2938.0,12.0
2021-02-03 08:09:30,31.187428,121.4060762,158.0,2941.0,12.0
2021-02-03 08:09:31,31.1873971,121.4060813,157.0,2944.0,12.0
2021-02-03 08:09:32,31.1873644,121.4060838,158.0,2947.0,12.0
2021-02-03 08:09:33,31.1873318,121.4060864,157.0,2949.0,12.0
2021-02-03 08:09:34,31.1873031,121.4060899,157.0,2951.0,12.0
2021-02-03 08:09:35,31.1872744,121.4060935,157.0,2954.0,12.0
2021-02-03 08:09:36,31.1872509,121.4060965,157.0,2956.0,12.0
2021-02-03 08:09:37,31.1872275,121.4060995,157.0,2958.0,12.0
2021-02-03 08:09:38,31.1872065,121.4061028,157.0,2961.0,12.0
2021-02-03 08:09:39,31.1871855,121.4061062,157.0,2964.0,12.0
2021-02-03 08:09:40,31.1871644,121.406108,157.0,2967.0,12.0
2021-02-03 08:09:41,31.1871433,121.4061099,157.0,2970.0,12.0
2021-02-03 08:09:42,31.1871186,121.4061097,157.0,2973.0,12.0
2021-02-03 08:09:43,31.187094,121.4061095,157.0,2976.0,12.0
2021-02-03 08:09:44,31.1870676,121.4061107,156.0,2979.0,12.0
2021-02-03 08:09:45,31.1870413,121.406112,156.0,2982.0,12.0
2021-02-03 08:09:46,31.1870152,121.406117,155.0,2984.0,12.0
2021-02-03 08:09:47,31.1869891,121.4061221,156.0,2986.0,11.0
2021-02-03 08:09:48,31.1869648,121.4061293,156.0,2989.0,11.0
2021-02-03 08:09:49,31.1869405,121.4061365,157.0,2992.0,11.0
2021-02-03 08:09:50,31.1869174,121.4061428,157.0,2995.0,11.0
2021-02-03 08:09:51,31.1868943,121.4061492,156.0,2998.0,11.0
2021-02-03 08:09:52,31.1868704,121.4061522,156.0,3000.0,11.0
2021-02-03 08:09:53,31.1868466,121.4061552,156.0,3002.0,11.0
2021-02-03 08:09:54,31.1868236,121.4061551,156.0,3004.0,11.0
2021-02-03 08:09:55,31.1868006,121.4061551,156.0,3006.0,11.0
2021-02-03 08:09:56,31.1867787,121.4061552,155.0,3009.0,12.0
2021-02-03 08:09:57,31.1867569,121.4061553,156.0,3012.0,11.0
2021-02-03 08:09:58,31.1867353,121.4061556,155.0,3014.0,11.0
2021-02-03 08:09:59,31.1867138,121.4061559,155.0,3016.0,11.0
2021-02-03 08:10:00,31.186693,121.4061573,155.0,3019.0,11.0
2021-02-03 08:10:01,31.1866723,121.4061588,154.0,3022.0,11.0
2021-02-03 08:10:02,31.1866503,121.4061634,155.0,3026.0,11.0
2021-02-03 08:10:03,31.1866283,121.4061681,156.0,3030.0,11.0
2021-02-03 08:10:04,31.1866022,121.4061741,156.0,3033.0,11.0
2021-02-03 08:10:05,31.1865761,121.4061801,156.0,3036.0,11.0
2021-02-03 08:10:06,31.186546,121.4061855,156.0,3039.0,11.0
2021-02-03 08:10:07,31.1865159,121.406191,156.0,3042.0,11.0
2021-02-03 08:10:08,31.1864858,121.4061964,156.0,3044.0,11.0
2021-02-03 08:10:09,31.1864558,121.4062019,155.0,3046.0,11.0
2021-02-03 08:10:10,31.1864308,121.40621,155.0,3049.0,11.0
2021-02-03 08:10:11,31.1864058,121.4062182,154.0,3052.0,11.0
2021-02-03 08:10:12,31.1863854,121.40623,155.0,3054.0,11.0
2021-02-03 08:10:13,31.186365,121.4062418,155.0,3057.0,11.0
2021-02-03 08:10:14,31.186346,121.4062529,155.0,3060.0,11.0
2021-02-03 08:10:15,31.1863271,121.4062641,155.0,3064.0,11.0
2021-02-03 08:10:16,31.1863025,121.4062698,154.0,3069.0,11.0
2021-02-03 08:10:17,31.186278,121.4062755,155.0,3072.0,11.0
2021-02-03 08:10:18,31.1862463,121.4062757,155.0,3074.0,11.0
2021-02-03 08:10:19,31.1862147,121.4062759,155.0,3076.0,11.0
2021-02-03 08:10:20,31.1861848,121.4062767,156.0,3079.0,11.0
2021-02-03 08:10:21,31.186155,121.4062775,155.0,3081.0,11.0
2021-02-03 08:10:22,31.1861296,121.4062811,156.0,3083.0,11.0
2021-02-03 08:10:23,31.1861042,121.4062847,156.0,3084.0,11.0
2021-02-03 08:10:24,31.1860721,121.406289,156.0,3085.0,11.0
2021-02-03 08:10:25,31.18604,121.4062933,156.0,3085.0,11.0
