2021-03-05 07:00:34,31.18628,121.4065767,107.0,0.0,22.0
2021-03-05 07:00:35,31.1862528,121.4065527,111.0,0.0,22.0
2021-03-05 07:00:36,31.1862256,121.4065287,110.0,14.0,22.0
2021-03-05 07:00:37,31.1861858,121.4065015,111.0,27.0,22.0
2021-03-05 07:00:38,31.186146,121.4064743,111.0,32.0,22.0
2021-03-05 07:00:39,31.1861014,121.406447,112.0,36.0,22.0
2021-03-05 07:00:40,31.1860568,121.4064197,112.0,38.0,22.0
2021-03-05 07:00:41,31.1860228,121.4064041,113.0,41.0,22.0
2021-03-05 07:00:42,31.1859888,121.4063885,114.0,44.0,21.0
2021-03-05 07:00:43,31.1859651,121.4063759,113.0,46.0,21.0
2021-03-05 07:00:44,31.1859415,121.4063634,113.0,49.0,21.0
2021-03-05 07:00:45,31.1859278,121.4063443,113.0,52.0,21.0
2021-03-05 07:00:46,31.1859142,121.4063252,114.0,55.0,21.0
2021-03-05 07:00:47,31.1859119,121.4062984,115.0,58.0,21.0
2021-03-05 07:00:48,31.1859097,121.4062717,115.0,60.0,21.0
2021-03-05 07:00:49,31.1859165,121.4062462,116.0,62.0,21.0
2021-03-05 07:00:50,31.1859233,121.4062207,116.0,66.0,21.0
2021-03-05 07:00:51,31.1859412,121.4062033,115.0,69.0,21.0
2021-03-05 07:00:52,31.1859592,121.4061859,119.0,72.0,21.0
2021-03-05 07:00:53,31.1859828,121.4061731,120.0,74.0,21.0
2021-03-05 07:00:54,31.1860065,121.4061604,121.0,78.0,21.0
2021-03-05 07:00:55,31.186035,121.4061558,119.0,82.0,21.0
2021-03-05 07:00:56,31.1860635,121.4061513,119.0,86.0,22.0
2021-03-05 07:00:57,31.1860958,121.4061523,119.0,89.0,22.0
2021-03-05 07:00:58,31.1861281,121.4061533,121.0,93.0,22.0
2021-03-05 07:00:59,31.1861617,121.4061566,121.0,97.0,22.0
2021-03-05 07:01:00,31.1861953,121.40616,121.0,100.0,22.0
2021-03-05 07:01:01,31.1862277,121.4061613,120.0,103.0,22.0
2021-03-05 07:01:02,31.1862601,121.4061626,120.0,106.0,22.0
2021-03-05 07:01:03,31.1862881,121.4061588,120.0,108.0,22.0
2021-03-05 07:01:04,31.1863162,121.406155,119.0,111.0,22.0
2021-03-05 07:01:05,31.1863417,121.4061511,119.0,114.0,22.0
2021-03-05 07:01:06,31.1863673,121.4061472,119.0,117.0,22.0
2021-03-05 07:01:07,31.186393,121.4061418,120.0,120.0,22.0
2021-03-05 07:01:08,31.1864187,121.4061364,120.0,124.0,22.0
2021-03-05 07:01:09,31.1864467,121.4061301,120.0,127.0,22.0
2021-03-05 07:01:10,31.1864748,121.4061238,122.0,130.0,22.0
2021-03-05 07:01:11,31.1865033,121.406117,121.0,133.0,22.0
2021-03-05 07:01:12,31.1865319,121.4061102,123.0,136.0,22.0
2021-03-05 07:01:13,31.1865592,121.4061027,124.0,139.0,22.0
2021-03-05 07:01:14,31.1865866,121.4060953,124.0,142.0,22.0
2021-03-05 07:01:15,31.1866123,121.4060864,124.0,146.0,22.0
2021-03-05 07:01:16,31.1866381,121.4060775,124.0,148.0,22.0
2021-03-05 07:01:17,31.1866636,121.4060683,124.0,151.0,22.0
2021-03-05 07:01:18,31.1866891,121.4060592,127.0,154.0,22.0
2021-03-05 07:01:19,31.1867125,121.4060492,127.0,156.0,22.0
2021-03-05 07:01:20,31.186736,121.4060393,127.0,158.0,22.0
2021-03-05 07:01:21,31.1867574,121.4060291,126.0,161.0,22.0
2021-03-05 07:01:22,31.1867789,121.406019,127.0,164.0,21.0
2021-03-05 07:01:23,31.1868018,121.4060132,126.0,167.0,21.0
2021-03-05 07:01:24,31.1868248,121.4060074,127.0,170.0,21.0
2021-03-05 07:01:25,31.1868516,121.4060051,127.0,174.0,21.0
2021-03-05 07:01:26,31.1868785,121.4060029,127.0,178.0,21.0
2021-03-05 07:01:27,31.1869081,121.4060033,127.0,181.0,21.0
2021-03-05 07:01:28,31.1869378,121.4060038,127.0,184.0,21.0
2021-03-05 07:01:29,31.1869671,121.4059997,128.0,186.0,21.0
2021-03-05 07:01:30,31.1869964,121.4059957,128.0,190.0,21.0
2021-03-05 07:01:31,31.1870257,121.4059933,127.0,194.0,21.0
2021-03-05 07:01:32,31.1870551,121.405991,128.0,198.0,21.0
2021-03-05 07:01:33,31.1870872,121.4059929,128.0,201.0,21.0
2021-03-05 07:01:34,31.1871193,121.4059948,128.0,204.0,21.0
2021-03-05 07:01:35,31.1871516,121.405996,128.0,208.0,21.0
2021-03-05 07:01:36,31.187184,121.4059973,128.0,212.0,21.0
2021-03-05 07:01:37,31.1872152,121.4059933,129.0,215.0,21.0
2021-03-05 07:01:38,31.1872464,121.4059894,129.0,219.0,21.0
2021-03-05 07:01:39,31.1872774,121.4059799,129.0,223.0,21.0
2021-03-05 07:01:40,31.1873084,121.4059705,129.0,226.0,21.0
2021-03-05 07:01:41,31.1873401,121.4059632,128.0,230.0,21.0
2021-03-05 07:01:42,31.1873719,121.4059559,130.0,233.0,21.0
2021-03-05 07:01:43,31.1874031,121.4059497,130.0,236.0,21.0
2021-03-05 07:01:44,31.1874343,121.4059436,130.0,240.0,21.0
2021-03-05 07:01:45,31.1874648,121.4059363,132.0,243.0,21.0
2021-03-05 07:01:46,31.1874953,121.405929,132.0,246.0,21.0
2021-03-05 07:01:47,31.1875212,121.4059177,132.0,248.0,21.0
2021-03-05 07:01:48,31.1875472,121.4059065,132.0,250.0,21.0
2021-03-05 07:01:49,31.1875679,121.4058931,132.0,253.0,21.0
2021-03-05 07:01:50,31.1875887,121.4058798,132.0,254.0,21.0
2021-03-05 07:01:51,31.1876028,121.4058662,132.0,255.0,22.0
2021-03-05 07:01:52,31.1876169,121.4058526,131.0,258.0,22.0
2021-03-05 07:01:53,31.1876232,121.4058353,131.0,260.0,22.0
2021-03-05 07:01:54,31.1876296,121.4058181,131.0,262.0,22.0
2021-03-05 07:01:55,31.1876307,121.4057966,131.0,265.0,22.0
2021-03-05 07:01:56,31.1876319,121.4057752,131.0,267.0,22.0
2021-03-05 07:01:57,31.1876296,121.4057515,133.0,269.0,22.0
2021-03-05 07:01:58,31.1876273,121.4057278,133.0,270.0,22.0
2021-03-05 07:01:59,31.1876214,121.405707,133.0,272.0,22.0
2021-03-05 07:02:00,31.1876156,121.4056863,133.0,274.0,22.0
2021-03-05 07:02:01,31.1876055,121.405676,133.0,275.0,22.0
2021-03-05 07:02:02,31.1875954,121.4056658,134.0,275.0,22.0
2021-03-05 07:02:03,31.1875875,121.4056599,134.0,275.0,22.0
2021-03-05 07:02:04,31.1875796,121.405654,134.0,278.0,22.0
2021-03-05 07:02:05,31.1875738,121.4056401,134.0,282.0,22.0
2021-03-05 07:02:06,31.187568,121.4056262,134.0,284.0,22.0
2021-03-05 07:02:07,31.1875647,121.4056026,134.0,287.0,22.0
2021-03-05 07:02:08,31.1875614,121.4055791,134.0,290.0,22.0
2021-03-05 07:02:09,31.1875597,121.40555,134.0,293.0,22.0
2021-03-05 07:02:10,31.187558,121.405521,134.0,296.0,22.0
2021-03-05 07:02:11,31.1875542,121.405491,134.0,298.0,22.0
2021-03-05 07:02:12,31.1875505,121.4054611,135.0,300.0,22.0
2021-03-05 07:02:13,31.1875477,121.4054334,135.0,302.0,22.0
2021-03-05 07:02:14,31.1875449,121.4054058,135.0,306.0,22.0
2021-03-05 07:02:15,31.187544,121.4053782,135.0,309.0,22.0
2021-03-05 07:02:16,31.1875432,121.4053507,134.0,310.0,22.0
2021-03-05 07:02:17,31.1875426,121.4053243,135.0,311.0,22.0
2021-03-05 07:02:18,31.1875421,121.405298,135.0,315.0,22.0
2021-03-05 07:02:19,31.1875407,121.4052715,135.0,319.0,22.0
2021-03-05 07:02:20,31.1875394,121.4052451,135.0,324.0,22.0
2021-03-05 07:02:21,31.187526,121.4052138,134.0,328.0,22.0
2021-03-05 07:02:22,31.1875127,121.4051825,135.0,334.0,21.0
2021-03-05 07:02:23,31.1874877,121.4051438,134.0,340.0,21.0
2021-03-05 07:02:24,31.1874627,121.4051051,134.0,343.0,21.0
2021-03-05 07:02:25,31.1874372,121.4050655,134.0,346.0,21.0
2021-03-05 07:02:26,31.1874117,121.4050259,134.0,349.0,21.0
2021-03-05 07:02:27,31.1873935,121.4049925,134.0,352.0,21.0
2021-03-05 07:02:28,31.1873753,121.4049592,134.0,356.0,21.0
2021-03-05 07:02:29,31.1873622,121.4049286,134.0,359.0,21.0
2021-03-05 07:02:30,31.1873491,121.404898,134.0,362.0,21.0
2021-03-05 07:02:31,31.1873404,121.4048671,133.0,364.0,22.0
2021-03-05 07:02:32,31.1873318,121.4048362,134.0,368.0,22.0
2021-03-05 07:02:33,31.1873256,121.4048054,134.0,371.0,22.0
2021-03-05 07:02:34,31.1873194,121.4047747,135.0,374.0,22.0
2021-03-05 07:02:35,31.1873156,121.4047427,135.0,377.0,22.0
2021-03-05 07:02:36,31.1873118,121.4047108,135.0,381.0,22.0
2021-03-05 07:02:37,31.1873055,121.4046762,136.0,385.0,21.0
2021-03-05 07:02:38,31.1872993,121.4046416,136.0,388.0,21.0
2021-03-05 07:02:39,31.18729,121.4046068,136.0,391.0,21.0
2021-03-05 07:02:40,31.1872808,121.404572,136.0,394.0,21.0
2021-03-05 07:02:41,31.1872705,121.4045391,135.0,398.0,21.0
2021-03-05 07:02:42,31.1872603,121.4045063,136.0,402.0,21.0
2021-03-05 07:02:43,31.1872454,121.4044732,136.0,406.0,21.0
2021-03-05 07:02:44,31.1872305,121.4044401,136.0,410.0,21.0
2021-03-05 07:02:45,31.187212,121.4044057,136.0,414.0,21.0
2021-03-05 07:02:46,31.1871935,121.4043713,135.0,418.0,21.0
2021-03-05 07:02:47,31.1871768,121.4043359,136.0,421.0,21.0
2021-03-05 07:02:48,31.1871601,121.4043006,136.0,424.0,21.0
2021-03-05 07:02:49,31.1871516,121.4042662,136.0,427.0,21.0
2021-03-05 07:02:50,31.1871432,121.4042319,136.0,430.0,21.0
2021-03-05 07:02:51,31.187141,121.404201,135.0,432.0,21.0
2021-03-05 07:02:52,31.1871389,121.4041701,136.0,434.0,21.0
2021-03-05 07:02:53,31.1871377,121.4041439,136.0,436.0,21.0
2021-03-05 07:02:54,31.1871366,121.4041177,136.0,439.0,21.0
2021-03-05 07:02:55,31.1871297,121.4040926,136.0,442.0,21.0
2021-03-05 07:02:56,31.1871229,121.4040675,135.0,445.0,22.0
2021-03-05 07:02:57,31.187112,121.404042,136.0,448.0,22.0
2021-03-05 07:02:58,31.1871011,121.4040165,135.0,452.0,22.0
2021-03-05 07:02:59,31.1870899,121.4039872,135.0,455.0,22.0
2021-03-05 07:03:00,31.1870788,121.403958,135.0,458.0,22.0
2021-03-05 07:03:01,31.1870705,121.4039241,134.0,462.0,22.0
2021-03-05 07:03:02,31.1870622,121.4038903,135.0,466.0,22.0
2021-03-05 07:03:03,31.1870555,121.4038528,135.0,470.0,22.0
2021-03-05 07:03:04,31.1870489,121.4038153,136.0,473.0,22.0
2021-03-05 07:03:05,31.1870434,121.4037775,136.0,476.0,22.0
2021-03-05 07:03:06,31.187038,121.4037397,136.0,479.0,22.0
2021-03-05 07:03:07,31.1870322,121.403705,136.0,482.0,22.0
2021-03-05 07:03:08,31.1870264,121.4036703,136.0,486.0,22.0
2021-03-05 07:03:09,31.1870188,121.4036374,136.0,489.0,22.0
2021-03-05 07:03:10,31.1870113,121.4036045,135.0,492.0,22.0
2021-03-05 07:03:11,31.1870037,121.4035739,135.0,494.0,22.0
2021-03-05 07:03:12,31.1869962,121.4035433,135.0,498.0,22.0
2021-03-05 07:03:13,31.1869882,121.403513,135.0,501.0,22.0
2021-03-05 07:03:14,31.1869803,121.4034828,135.0,504.0,22.0
2021-03-05 07:03:15,31.1869724,121.403452,135.0,507.0,22.0
2021-03-05 07:03:16,31.1869646,121.4034212,135.0,510.0,22.0
2021-03-05 07:03:17,31.1869578,121.4033901,135.0,513.0,22.0
2021-03-05 07:03:18,31.1869511,121.403359,135.0,515.0,22.0
2021-03-05 07:03:19,31.1869469,121.4033311,135.0,517.0,22.0
2021-03-05 07:03:20,31.1869428,121.4033033,135.0,520.0,22.0
2021-03-05 07:03:21,31.1869395,121.4032775,135.0,522.0,22.0
2021-03-05 07:03:22,31.1869363,121.4032517,135.0,524.0,22.0
2021-03-05 07:03:23,31.1869322,121.4032278,135.0,527.0,22.0
2021-03-05 07:03:24,31.1869281,121.403204,135.0,530.0,22.0
2021-03-05 07:03:25,31.1869243,121.4031787,135.0,532.0,22.0
2021-03-05 07:03:26,31.1869206,121.4031534,135.0,534.0,22.0
2021-03-05 07:03:27,31.1869183,121.4031276,136.0,537.0,22.0
2021-03-05 07:03:28,31.1869161,121.4031019,135.0,540.0,22.0
2021-03-05 07:03:29,31.1869136,121.403075,135.0,542.0,22.0
2021-03-05 07:03:30,31.1869111,121.4030482,135.0,544.0,22.0
2021-03-05 07:03:31,31.1869083,121.4030209,135.0,547.0,22.0
2021-03-05 07:03:32,31.1869056,121.4029936,135.0,550.0,22.0
2021-03-05 07:03:33,31.1869038,121.4029664,135.0,553.0,22.0
2021-03-05 07:03:34,31.186902,121.4029392,135.0,556.0,22.0
2021-03-05 07:03:35,31.1869008,121.4029099,135.0,559.0,22.0
2021-03-05 07:03:36,31.1868997,121.4028807,133.0,562.0,22.0
2021-03-05 07:03:37,31.1868969,121.4028503,134.0,565.0,22.0
2021-03-05 07:03:38,31.1868942,121.4028199,134.0,567.0,22.0
2021-03-05 07:03:39,31.1868901,121.4027906,134.0,569.0,22.0
2021-03-05 07:03:40,31.1868861,121.4027614,134.0,571.0,22.0
2021-03-05 07:03:41,31.1868825,121.4027373,134.0,573.0,22.0
2021-03-05 07:03:42,31.1868789,121.4027132,134.0,575.0,22.0
2021-03-05 07:03:43,31.1868778,121.4026913,134.0,577.0,22.0
2021-03-05 07:03:44,31.1868768,121.4026695,134.0,580.0,22.0
2021-03-05 07:03:45,31.1868788,121.4026484,134.0,582.0,22.0
2021-03-05 07:03:46,31.1868808,121.4026274,135.0,585.0,22.0
2021-03-05 07:03:47,31.1868828,121.4026024,134.0,588.0,22.0
2021-03-05 07:03:48,31.1868849,121.4025774,134.0,592.0,22.0
2021-03-05 07:03:49,31.1868846,121.4025453,134.0,596.0,22.0
2021-03-05 07:03:50,31.1868844,121.4025133,134.0,600.0,22.0
2021-03-05 07:03:51,31.1868822,121.4024754,134.0,603.0,22.0
2021-03-05 07:03:52,31.18688,121.4024375,134.0,606.0,22.0
2021-03-05 07:03:53,31.1868781,121.4023986,136.0,610.0,22.0
2021-03-05 07:03:54,31.1868763,121.4023597,134.0,612.0,22.0
2021-03-05 07:03:55,31.1868755,121.4023254,134.0,615.0,22.0
2021-03-05 07:03:56,31.1868748,121.4022912,134.0,618.0,22.0
2021-03-05 07:03:57,31.1868727,121.4022615,134.0,620.0,22.0
2021-03-05 07:03:58,31.1868706,121.4022319,134.0,622.0,22.0
2021-03-05 07:03:59,31.1868679,121.4022047,134.0,625.0,22.0
2021-03-05 07:04:00,31.1868653,121.4021776,134.0,628.0,22.0
2021-03-05 07:04:01,31.1868677,121.40215,134.0,632.0,22.0
2021-03-05 07:04:02,31.1868701,121.4021224,134.0,635.0,21.0
2021-03-05 07:04:03,31.1868771,121.4020926,134.0,638.0,21.0
2021-03-05 07:04:04,31.1868841,121.4020629,134.0,640.0,21.0
2021-03-05 07:04:05,31.1868877,121.4020324,135.0,643.0,21.0
2021-03-05 07:04:06,31.1868913,121.402002,133.0,647.0,21.0
2021-03-05 07:04:07,31.1868896,121.4019681,134.0,651.0,21.0
2021-03-05 07:04:08,31.186888,121.4019342,134.0,655.0,21.0
2021-03-05 07:04:09,31.1868795,121.4018967,133.0,659.0,21.0
2021-03-05 07:04:10,31.186871,121.4018593,133.0,662.0,21.0
2021-03-05 07:04:11,31.186857,121.4018249,133.0,665.0,22.0
2021-03-05 07:04:12,31.1868431,121.4017905,133.0,668.0,22.0
2021-03-05 07:04:13,31.1868315,121.4017599,133.0,670.0,22.0
2021-03-05 07:04:14,31.18682,121.4017293,133.0,674.0,22.0
2021-03-05 07:04:15,31.1868118,121.4016979,132.0,677.0,22.0
2021-03-05 07:04:16,31.1868037,121.4016665,133.0,680.0,22.0
2021-03-05 07:04:17,31.1867979,121.4016329,134.0,684.0,22.0
2021-03-05 07:04:18,31.1867922,121.4015994,134.0,688.0,22.0
2021-03-05 07:04:19,31.1867875,121.4015635,134.0,692.0,22.0
2021-03-05 07:04:20,31.1867829,121.4015277,132.0,696.0,22.0
2021-03-05 07:04:21,31.186776,121.4014897,132.0,699.0,22.0
2021-03-05 07:04:22,31.1867692,121.4014517,132.0,703.0,22.0
2021-03-05 07:04:23,31.1867608,121.4014139,132.0,707.0,22.0
2021-03-05 07:04:24,31.1867525,121.4013762,132.0,712.0,22.0
2021-03-05 07:04:25,31.1867362,121.4013391,132.0,716.0,22.0
2021-03-05 07:04:26,31.1867199,121.4013021,133.0,718.0,22.0
2021-03-05 07:04:27,31.1867021,121.4012685,133.0,721.0,21.0
2021-03-05 07:04:28,31.1866844,121.4012349,133.0,723.0,21.0
2021-03-05 07:04:29,31.186676,121.401206,133.0,725.0,21.0
2021-03-05 07:04:30,31.1866676,121.4011771,133.0,728.0,21.0
2021-03-05 07:04:31,31.1866672,121.4011519,133.0,730.0,21.0
2021-03-05 07:04:32,31.1866669,121.4011267,133.0,732.0,21.0
2021-03-05 07:04:33,31.1866688,121.4011018,133.0,735.0,21.0
2021-03-05 07:04:34,31.1866708,121.4010769,133.0,738.0,21.0
2021-03-05 07:04:35,31.1866702,121.4010497,133.0,741.0,21.0
2021-03-05 07:04:36,31.1866696,121.4010226,133.0,744.0,21.0
2021-03-05 07:04:37,31.1866647,121.4009925,134.0,747.0,21.0
2021-03-05 07:04:38,31.1866598,121.4009624,134.0,750.0,21.0
2021-03-05 07:04:39,31.1866513,121.4009318,133.0,754.0,21.0
2021-03-05 07:04:40,31.1866429,121.4009012,133.0,756.0,21.0
2021-03-05 07:04:41,31.1866339,121.4008706,134.0,759.0,22.0
2021-03-05 07:04:42,31.186625,121.40084,135.0,762.0,22.0
2021-03-05 07:04:43,31.1866163,121.4008106,135.0,765.0,22.0
2021-03-05 07:04:44,31.1866077,121.4007812,134.0,768.0,22.0
2021-03-05 07:04:45,31.1865991,121.4007526,134.0,771.0,22.0
2021-03-05 07:04:46,31.1865906,121.400724,134.0,774.0,22.0
2021-03-05 07:04:47,31.1865797,121.4006965,135.0,776.0,22.0
2021-03-05 07:04:48,31.1865689,121.4006691,135.0,778.0,22.0
2021-03-05 07:04:49,31.1865568,121.4006447,135.0,781.0,22.0
2021-03-05 07:04:50,31.1865447,121.4006204,135.0,784.0,22.0
2021-03-05 07:04:51,31.1865327,121.4005959,135.0,787.0,22.0
2021-03-05 07:04:52,31.1865207,121.4005714,136.0,790.0,22.0
2021-03-05 07:04:53,31.1865093,121.4005448,136.0,793.0,22.0
2021-03-05 07:04:54,31.186498,121.4005183,136.0,795.0,22.0
2021-03-05 07:04:55,31.1864887,121.4004916,136.0,797.0,22.0
2021-03-05 07:04:56,31.1864795,121.400465,134.0,800.0,22.0
2021-03-05 07:04:57,31.1864736,121.4004397,134.0,803.0,22.0
2021-03-05 07:04:58,31.1864677,121.4004145,134.0,806.0,22.0
2021-03-05 07:04:59,31.1864606,121.4003879,134.0,809.0,22.0
2021-03-05 07:05:00,31.1864535,121.4003614,134.0,812.0,22.0
2021-03-05 07:05:01,31.1864427,121.4003362,134.0,814.0,22.0
2021-03-05 07:05:02,31.1864319,121.400311,134.0,817.0,22.0
2021-03-05 07:05:03,31.1864145,121.4002902,134.0,820.0,22.0
2021-03-05 07:05:04,31.1863972,121.4002695,134.0,823.0,22.0
2021-03-05 07:05:05,31.186375,121.4002579,134.0,826.0,22.0
2021-03-05 07:05:06,31.1863528,121.4002463,134.0,828.0,22.0
2021-03-05 07:05:07,31.1863291,121.4002473,134.0,830.0,21.0
2021-03-05 07:05:08,31.1863054,121.4002484,134.0,833.0,21.0
2021-03-05 07:05:09,31.1862838,121.4002606,134.0,836.0,21.0
2021-03-05 07:05:10,31.1862622,121.4002728,134.0,839.0,21.0
2021-03-05 07:05:11,31.1862402,121.40029,134.0,842.0,21.0
2021-03-05 07:05:12,31.1862183,121.4003072,134.0,845.0,21.0
2021-03-05 07:05:13,31.1861953,121.4003213,134.0,848.0,21.0
2021-03-05 07:05:14,31.1861724,121.4003354,136.0,851.0,21.0
2021-03-05 07:05:15,31.1861458,121.4003445,136.0,854.0,21.0
2021-03-05 07:05:16,31.1861193,121.4003536,136.0,856.0,21.0
2021-03-05 07:05:17,31.186096,121.4003642,137.0,859.0,21.0
2021-03-05 07:05:18,31.1860727,121.4003749,137.0,862.0,21.0
2021-03-05 07:05:19,31.186054,121.4003913,137.0,864.0,21.0
2021-03-05 07:05:20,31.1860353,121.4004077,137.0,867.0,21.0
2021-03-05 07:05:21,31.1860147,121.4004218,137.0,870.0,22.0
2021-03-05 07:05:22,31.1859941,121.400436,137.0,872.0,21.0
2021-03-05 07:05:23,31.1859724,121.4004506,137.0,875.0,21.0
2021-03-05 07:05:24,31.1859508,121.4004653,137.0,878.0,21.0
2021-03-05 07:05:25,31.1859291,121.4004808,137.0,881.0,21.0
2021-03-05 07:05:26,31.1859074,121.4004964,136.0,884.0,21.0
2021-03-05 07:05:27,31.1858846,121.4005089,137.0,887.0,21.0
2021-03-05 07:05:28,31.1858618,121.4005214,137.0,890.0,21.0
2021-03-05 07:05:29,31.1858372,121.4005293,137.0,893.0,21.0
2021-03-05 07:05:30,31.1858126,121.4005372,137.0,896.0,21.0
2021-03-05 07:05:31,31.1857867,121.4005432,136.0,899.0,21.0
2021-03-05 07:05:32,31.1857609,121.4005493,137.0,902.0,21.0
2021-03-05 07:05:33,31.1857329,121.4005539,137.0,905.0,21.0
2021-03-05 07:05:34,31.185705,121.4005585,136.0,908.0,21.0
2021-03-05 07:05:35,31.1856774,121.4005622,136.0,910.0,21.0
2021-03-05 07:05:36,31.1856498,121.4005659,136.0,912.0,21.0
2021-03-05 07:05:37,31.1856281,121.4005763,136.0,915.0,21.0
2021-03-05 07:05:38,31.1856064,121.4005868,136.0,918.0,21.0
2021-03-05 07:05:39,31.1855859,121.4005987,136.0,921.0,21.0
2021-03-05 07:05:40,31.1855655,121.4006107,136.0,924.0,21.0
2021-03-05 07:05:41,31.185543,121.4006232,136.0,927.0,21.0
2021-03-05 07:05:42,31.1855205,121.4006358,136.0,930.0,21.0
2021-03-05 07:05:43,31.1854958,121.4006459,136.0,933.0,21.0
2021-03-05 07:05:44,31.1854712,121.4006561,138.0,936.0,21.0
2021-03-05 07:05:45,31.1854455,121.4006635,137.0,938.0,21.0
2021-03-05 07:05:46,31.1854199,121.4006709,136.0,941.0,21.0
2021-03-05 07:05:47,31.1853934,121.4006766,137.0,944.0,21.0
2021-03-05 07:05:48,31.185367,121.4006823,137.0,947.0,21.0
2021-03-05 07:05:49,31.1853429,121.4006926,137.0,950.0,21.0
2021-03-05 07:05:50,31.1853188,121.4007029,137.0,952.0,21.0
2021-03-05 07:05:51,31.185303,121.400724,136.0,954.0,21.0
2021-03-05 07:05:52,31.1852873,121.4007451,136.0,955.0,21.0
2021-03-05 07:05:53,31.1852851,121.4007563,136.0,956.0,21.0
2021-03-05 07:05:54,31.185283,121.4007676,136.0,958.0,21.0
2021-03-05 07:05:55,31.1852888,121.4007795,136.0,959.0,21.0
2021-03-05 07:05:56,31.1852947,121.4007914,136.0,962.0,21.0
2021-03-05 07:05:57,31.1853112,121.4007927,136.0,964.0,21.0
2021-03-05 07:05:58,31.1853278,121.4007941,138.0,967.0,21.0
2021-03-05 07:05:59,31.1853501,121.4007868,138.0,970.0,21.0
2021-03-05 07:06:00,31.1853724,121.4007795,138.0,972.0,21.0
2021-03-05 07:06:01,31.1853942,121.4007638,137.0,975.0,21.0
2021-03-05 07:06:02,31.185416,121.4007482,138.0,978.0,21.0
2021-03-05 07:06:03,31.1854357,121.4007281,137.0,981.0,21.0
2021-03-05 07:06:04,31.1854555,121.4007081,137.0,984.0,21.0
2021-03-05 07:06:05,31.1854741,121.4006871,138.0,986.0,21.0
2021-03-05 07:06:06,31.1854928,121.4006661,137.0,989.0,21.0
2021-03-05 07:06:07,31.1855117,121.4006451,141.0,992.0,21.0
2021-03-05 07:06:08,31.1855306,121.4006241,141.0,995.0,21.0
2021-03-05 07:06:09,31.1855514,121.4006055,141.0,998.0,21.0
2021-03-05 07:06:10,31.1855722,121.400587,141.0,1001.0,21.0
2021-03-05 07:06:11,31.1855946,121.4005711,140.0,1004.0,21.0
2021-03-05 07:06:12,31.1856171,121.4005553,141.0,1008.0,21.0
2021-03-05 07:06:13,31.1856379,121.4005349,141.0,1011.0,21.0
2021-03-05 07:06:14,31.1856588,121.4005145,141.0,1014.0,21.0
2021-03-05 07:06:15,31.1856777,121.4004864,141.0,1018.0,21.0
2021-03-05 07:06:16,31.1856966,121.4004584,141.0,1022.0,21.0
2021-03-05 07:06:17,31.1857177,121.4004288,143.0,1026.0,21.0
2021-03-05 07:06:18,31.1857388,121.4003993,143.0,1030.0,21.0
2021-03-05 07:06:19,31.1857636,121.400372,142.0,1033.0,21.0
2021-03-05 07:06:20,31.1857885,121.4003447,141.0,1036.0,21.0
2021-03-05 07:06:21,31.1858122,121.4003199,141.0,1039.0,21.0
2021-03-05 07:06:22,31.1858359,121.4002952,141.0,1042.0,21.0
2021-03-05 07:06:23,31.1858596,121.4002731,141.0,1046.0,21.0
2021-03-05 07:06:24,31.1858833,121.4002511,141.0,1050.0,21.0
2021-03-05 07:06:25,31.1859085,121.4002329,141.0,1053.0,21.0
2021-03-05 07:06:26,31.1859337,121.4002148,141.0,1056.0,21.0
2021-03-05 07:06:27,31.1859565,121.4001955,141.0,1059.0,21.0
2021-03-05 07:06:28,31.1859794,121.4001762,141.0,1062.0,21.0
2021-03-05 07:06:29,31.1859989,121.4001547,141.0,1064.0,21.0
2021-03-05 07:06:30,31.1860184,121.4001333,141.0,1066.0,21.0
2021-03-05 07:06:31,31.1860369,121.4001139,141.0,1069.0,21.0
2021-03-05 07:06:32,31.1860554,121.4000946,141.0,1072.0,21.0
2021-03-05 07:06:33,31.1860767,121.4000808,141.0,1075.0,21.0
2021-03-05 07:06:34,31.1860981,121.4000671,143.0,1078.0,21.0
2021-03-05 07:06:35,31.1861205,121.4000577,143.0,1080.0,21.0
2021-03-05 07:06:36,31.186143,121.4000483,142.0,1083.0,21.0
2021-03-05 07:06:37,31.1861669,121.4000408,143.0,1086.0,21.0
2021-03-05 07:06:38,31.1861909,121.4000333,143.0,1088.0,21.0
2021-03-05 07:06:39,31.1862121,121.4000261,143.0,1089.0,21.0
2021-03-05 07:06:40,31.1862333,121.400019,143.0,1091.0,21.0
2021-03-05 07:06:41,31.1862428,121.4000053,142.0,1093.0,21.0
2021-03-05 07:06:42,31.1862523,121.3999917,142.0,1096.0,21.0
2021-03-05 07:06:43,31.1862491,121.3999712,142.0,1099.0,21.0
2021-03-05 07:06:44,31.1862459,121.3999508,142.0,1101.0,21.0
2021-03-05 07:06:45,31.1862363,121.399929,142.0,1103.0,21.0
2021-03-05 07:06:46,31.1862267,121.3999073,141.0,1104.0,21.0
2021-03-05 07:06:47,31.1862162,121.399892,143.0,1104.0,21.0
2021-03-05 07:06:48,31.1862058,121.3998767,143.0,1106.0,21.0
2021-03-05 07:06:49,31.1861953,121.3998722,141.0,1108.0,21.0
2021-03-05 07:06:50,31.1861848,121.3998677,141.0,1110.0,21.0
2021-03-05 07:06:51,31.186169,121.3998726,141.0,1113.0,21.0
2021-03-05 07:06:52,31.1861533,121.3998775,141.0,1116.0,20.0
2021-03-05 07:06:53,31.1861364,121.3998949,141.0,1119.0,20.0
2021-03-05 07:06:54,31.1861195,121.3999123,141.0,1122.0,20.0
2021-03-05 07:06:55,31.1861044,121.3999362,141.0,1124.0,20.0
2021-03-05 07:06:56,31.1860894,121.3999601,141.0,1127.0,20.0
2021-03-05 07:06:57,31.186076,121.3999858,141.0,1130.0,20.0
2021-03-05 07:06:58,31.1860627,121.4000115,141.0,1132.0,20.0
2021-03-05 07:06:59,31.1860475,121.4000348,141.0,1135.0,20.0
2021-03-05 07:07:00,31.1860324,121.4000581,141.0,1138.0,20.0
2021-03-05 07:07:01,31.1860146,121.4000771,141.0,1140.0,21.0
2021-03-05 07:07:02,31.1859969,121.4000961,142.0,1143.0,20.0
2021-03-05 07:07:03,31.1859777,121.4001136,142.0,1146.0,20.0
2021-03-05 07:07:04,31.1859585,121.4001312,142.0,1150.0,20.0
2021-03-05 07:07:05,31.1859371,121.4001518,143.0,1154.0,20.0
2021-03-05 07:07:06,31.1859158,121.4001724,142.0,1158.0,20.0
2021-03-05 07:07:07,31.1858921,121.4001978,143.0,1161.0,20.0
2021-03-05 07:07:08,31.1858685,121.4002233,143.0,1164.0,20.0
2021-03-05 07:07:09,31.1858463,121.4002507,143.0,1168.0,20.0
2021-03-05 07:07:10,31.1858242,121.4002782,143.0,1171.0,20.0
2021-03-05 07:07:11,31.1858044,121.4003055,142.0,1174.0,21.0
2021-03-05 07:07:12,31.1857847,121.4003328,143.0,1176.0,21.0
2021-03-05 07:07:13,31.1857652,121.400355,142.0,1179.0,21.0
2021-03-05 07:07:14,31.1857458,121.4003773,142.0,1182.0,21.0
2021-03-05 07:07:15,31.1857266,121.4003938,142.0,1184.0,21.0
2021-03-05 07:07:16,31.1857074,121.4004103,142.0,1187.0,21.0
2021-03-05 07:07:17,31.1856876,121.4004269,142.0,1190.0,21.0
2021-03-05 07:07:18,31.1856679,121.4004435,142.0,1193.0,21.0
2021-03-05 07:07:19,31.1856464,121.400461,141.0,1196.0,21.0
2021-03-05 07:07:20,31.1856249,121.4004785,141.0,1200.0,21.0
2021-03-05 07:07:21,31.1856013,121.4004976,141.0,1203.0,21.0
2021-03-05 07:07:22,31.1855778,121.4005168,141.0,1206.0,21.0
2021-03-05 07:07:23,31.1855553,121.4005347,142.0,1208.0,21.0
2021-03-05 07:07:24,31.1855329,121.4005526,142.0,1211.0,21.0
2021-03-05 07:07:25,31.1855107,121.4005689,141.0,1214.0,21.0
2021-03-05 07:07:26,31.1854886,121.4005852,140.0,1217.0,21.0
2021-03-05 07:07:27,31.1854668,121.4006005,141.0,1220.0,21.0
2021-03-05 07:07:28,31.185445,121.4006159,141.0,1222.0,21.0
2021-03-05 07:07:29,31.1854239,121.4006321,141.0,1225.0,21.0
2021-03-05 07:07:30,31.1854028,121.4006484,141.0,1228.0,21.0
2021-03-05 07:07:31,31.1853823,121.4006641,142.0,1231.0,21.0
2021-03-05 07:07:32,31.1853618,121.4006798,143.0,1234.0,21.0
2021-03-05 07:07:33,31.1853411,121.4006946,143.0,1236.0,21.0
2021-03-05 07:07:34,31.1853205,121.4007095,142.0,1239.0,21.0
2021-03-05 07:07:35,31.1852991,121.4007257,141.0,1242.0,21.0
2021-03-05 07:07:36,31.1852778,121.4007419,140.0,1245.0,21.0
2021-03-05 07:07:37,31.185256,121.4007594,141.0,1248.0,20.0
2021-03-05 07:07:38,31.1852343,121.4007769,141.0,1251.0,20.0
2021-03-05 07:07:39,31.1852123,121.4007953,141.0,1254.0,20.0
2021-03-05 07:07:40,31.1851904,121.4008138,142.0,1257.0,20.0
2021-03-05 07:07:41,31.1851678,121.4008314,141.0,1260.0,20.0
2021-03-05 07:07:42,31.1851452,121.400849,142.0,1264.0,20.0
2021-03-05 07:07:43,31.1851208,121.4008643,142.0,1267.0,20.0
2021-03-05 07:07:44,31.1850964,121.4008796,141.0,1270.0,20.0
2021-03-05 07:07:45,31.1850715,121.4008945,141.0,1273.0,20.0
2021-03-05 07:07:46,31.1850466,121.4009094,141.0,1276.0,21.0
2021-03-05 07:07:47,31.1850217,121.4009247,141.0,1279.0,20.0
2021-03-05 07:07:48,31.1849969,121.40094,141.0,1282.0,20.0
2021-03-05 07:07:49,31.184972,121.4009533,141.0,1285.0,20.0
2021-03-05 07:07:50,31.1849471,121.4009667,142.0,1288.0,20.0
2021-03-05 07:07:51,31.184921,121.4009756,141.0,1291.0,20.0
2021-03-05 07:07:52,31.184895,121.4009846,142.0,1294.0,20.0
2021-03-05 07:07:53,31.1848691,121.4009895,142.0,1296.0,20.0
2021-03-05 07:07:54,31.1848432,121.4009945,142.0,1300.0,20.0
2021-03-05 07:07:55,31.1848186,121.401003,141.0,1303.0,20.0
2021-03-05 07:07:56,31.1847941,121.4010116,141.0,1306.0,20.0
2021-03-05 07:07:57,31.1847709,121.401024,141.0,1308.0,20.0
2021-03-05 07:07:58,31.1847477,121.4010364,141.0,1310.0,20.0
2021-03-05 07:07:59,31.1847267,121.4010506,141.0,1313.0,20.0
2021-03-05 07:08:00,31.1847058,121.4010649,141.0,1315.0,20.0
2021-03-05 07:08:01,31.184688,121.4010794,141.0,1317.0,21.0
2021-03-05 07:08:02,31.1846703,121.401094,141.0,1320.0,21.0
2021-03-05 07:08:03,31.1846526,121.4011083,141.0,1322.0,21.0
2021-03-05 07:08:04,31.184635,121.4011226,141.0,1325.0,21.0
2021-03-05 07:08:05,31.184616,121.4011363,141.0,1328.0,21.0
2021-03-05 07:08:06,31.184597,121.40115,141.0,1331.0,21.0
2021-03-05 07:08:07,31.1845761,121.4011658,145.0,1334.0,21.0
2021-03-05 07:08:08,31.1845553,121.4011817,148.0,1336.0,21.0
2021-03-05 07:08:09,31.1845325,121.4011978,148.0,1339.0,21.0
2021-03-05 07:08:10,31.1845098,121.4012139,148.0,1342.0,21.0
2021-03-05 07:08:11,31.1844882,121.40123,147.0,1345.0,21.0
2021-03-05 07:08:12,31.1844667,121.4012461,148.0,1348.0,21.0
2021-03-05 07:08:13,31.184446,121.4012654,148.0,1352.0,21.0
2021-03-05 07:08:14,31.1844254,121.4012848,147.0,1355.0,21.0
2021-03-05 07:08:15,31.1844043,121.4013073,147.0,1358.0,21.0
2021-03-05 07:08:16,31.1843833,121.4013299,146.0,1361.0,21.0
2021-03-05 07:08:17,31.1843615,121.401351,147.0,1364.0,21.0
2021-03-05 07:08:18,31.1843398,121.4013721,147.0,1366.0,21.0
2021-03-05 07:08:19,31.1843192,121.4013891,147.0,1368.0,21.0
2021-03-05 07:08:20,31.1842986,121.4014062,147.0,1370.0,21.0
2021-03-05 07:08:21,31.1842811,121.4014193,147.0,1373.0,21.0
2021-03-05 07:08:22,31.1842637,121.4014325,147.0,1376.0,21.0
2021-03-05 07:08:23,31.1842453,121.401445,147.0,1378.0,21.0
2021-03-05 07:08:24,31.1842269,121.4014575,147.0,1381.0,21.0
2021-03-05 07:08:25,31.1842075,121.4014712,147.0,1384.0,21.0
2021-03-05 07:08:26,31.1841882,121.4014849,147.0,1387.0,21.0
2021-03-05 07:08:27,31.1841675,121.4015008,147.0,1390.0,21.0
2021-03-05 07:08:28,31.1841468,121.4015168,147.0,1392.0,21.0
2021-03-05 07:08:29,31.1841277,121.4015367,147.0,1394.0,21.0
2021-03-05 07:08:30,31.1841087,121.4015566,147.0,1397.0,21.0
2021-03-05 07:08:31,31.1840908,121.4015777,147.0,1400.0,21.0
2021-03-05 07:08:32,31.1840729,121.4015988,148.0,1402.0,21.0
2021-03-05 07:08:33,31.1840544,121.4016172,149.0,1405.0,21.0
2021-03-05 07:08:34,31.184036,121.4016356,149.0,1408.0,21.0
2021-03-05 07:08:35,31.1840167,121.4016518,149.0,1411.0,21.0
2021-03-05 07:08:36,31.1839975,121.4016681,149.0,1414.0,21.0
2021-03-05 07:08:37,31.1839777,121.4016813,150.0,1416.0,21.0
2021-03-05 07:08:38,31.1839579,121.4016946,150.0,1418.0,21.0
2021-03-05 07:08:39,31.1839372,121.4017062,150.0,1421.0,21.0
2021-03-05 07:08:40,31.1839165,121.4017178,150.0,1424.0,21.0
2021-03-05 07:08:41,31.1838938,121.4017287,149.0,1427.0,21.0
2021-03-05 07:08:42,31.1838711,121.4017396,149.0,1430.0,21.0
2021-03-05 07:08:43,31.1838471,121.4017505,149.0,1433.0,21.0
2021-03-05 07:08:44,31.1838231,121.4017614,151.0,1436.0,21.0
2021-03-05 07:08:45,31.1837972,121.4017734,151.0,1439.0,21.0
2021-03-05 07:08:46,31.1837714,121.4017855,150.0,1442.0,21.0
2021-03-05 07:08:47,31.1837461,121.4017974,151.0,1445.0,21.0
2021-03-05 07:08:48,31.1837208,121.4018093,151.0,1448.0,21.0
2021-03-05 07:08:49,31.1836971,121.4018203,151.0,1450.0,21.0
2021-03-05 07:08:50,31.1836735,121.4018314,149.0,1452.0,21.0
2021-03-05 07:08:51,31.1836512,121.4018429,149.0,1455.0,22.0
2021-03-05 07:08:52,31.183629,121.4018544,149.0,1458.0,22.0
2021-03-05 07:08:53,31.183609,121.401868,149.0,1460.0,22.0
2021-03-05 07:08:54,31.1835891,121.4018816,149.0,1462.0,22.0
2021-03-05 07:08:55,31.1835708,121.4018966,149.0,1465.0,22.0
2021-03-05 07:08:56,31.1835526,121.4019117,148.0,1468.0,22.0
2021-03-05 07:08:57,31.1835337,121.4019258,149.0,1470.0,22.0
2021-03-05 07:08:58,31.1835149,121.4019399,149.0,1472.0,22.0
2021-03-05 07:08:59,31.183495,121.4019525,150.0,1475.0,22.0
2021-03-05 07:09:00,31.1834752,121.4019651,148.0,1478.0,22.0
2021-03-05 07:09:01,31.1834544,121.401977,149.0,1481.0,22.0
2021-03-05 07:09:02,31.1834337,121.4019889,151.0,1484.0,22.0
2021-03-05 07:09:03,31.1834131,121.4020016,153.0,1486.0,22.0
2021-03-05 07:09:04,31.1833925,121.4020143,153.0,1489.0,22.0
2021-03-05 07:09:05,31.1833727,121.40203,153.0,1492.0,22.0
2021-03-05 07:09:06,31.1833529,121.4020457,153.0,1496.0,22.0
2021-03-05 07:09:07,31.1833315,121.4020652,153.0,1499.0,22.0
2021-03-05 07:09:08,31.1833102,121.4020848,153.0,1502.0,22.0
2021-03-05 07:09:09,31.1832883,121.4021041,153.0,1504.0,22.0
2021-03-05 07:09:10,31.1832665,121.4021235,153.0,1506.0,22.0
2021-03-05 07:09:11,31.1832446,121.4021395,153.0,1509.0,22.0
2021-03-05 07:09:12,31.1832227,121.4021555,153.0,1512.0,22.0
2021-03-05 07:09:13,31.1832023,121.4021703,153.0,1515.0,22.0
2021-03-05 07:09:14,31.183182,121.4021851,154.0,1518.0,22.0
2021-03-05 07:09:15,31.1831605,121.4022002,154.0,1520.0,22.0
2021-03-05 07:09:16,31.1831391,121.4022153,154.0,1523.0,22.0
2021-03-05 07:09:17,31.1831168,121.4022293,154.0,1526.0,22.0
2021-03-05 07:09:18,31.1830946,121.4022434,154.0,1528.0,22.0
2021-03-05 07:09:19,31.1830734,121.4022575,154.0,1531.0,22.0
2021-03-05 07:09:20,31.1830523,121.4022716,154.0,1534.0,22.0
2021-03-05 07:09:21,31.1830312,121.4022842,153.0,1537.0,23.0
2021-03-05 07:09:22,31.1830102,121.4022969,154.0,1540.0,23.0
2021-03-05 07:09:23,31.1829877,121.4023071,154.0,1542.0,23.0
2021-03-05 07:09:24,31.1829653,121.4023173,154.0,1544.0,23.0
2021-03-05 07:09:25,31.1829435,121.402326,154.0,1546.0,23.0
2021-03-05 07:09:26,31.1829218,121.4023348,152.0,1549.0,23.0
2021-03-05 07:09:27,31.1829003,121.4023429,152.0,1552.0,23.0
2021-03-05 07:09:28,31.1828788,121.402351,152.0,1554.0,23.0
2021-03-05 07:09:29,31.1828568,121.4023613,152.0,1557.0,23.0
2021-03-05 07:09:30,31.1828349,121.4023717,152.0,1560.0,23.0
2021-03-05 07:09:31,31.1828129,121.402383,152.0,1563.0,23.0
2021-03-05 07:09:32,31.1827909,121.4023943,152.0,1566.0,23.0
2021-03-05 07:09:33,31.1827685,121.4024061,153.0,1569.0,23.0
2021-03-05 07:09:34,31.1827461,121.402418,153.0,1572.0,23.0
2021-03-05 07:09:35,31.1827227,121.4024313,153.0,1575.0,23.0
2021-03-05 07:09:36,31.1826994,121.4024447,152.0,1578.0,23.0
2021-03-05 07:09:37,31.182676,121.4024595,153.0,1581.0,23.0
2021-03-05 07:09:38,31.1826527,121.4024744,153.0,1584.0,23.0
2021-03-05 07:09:39,31.1826292,121.4024896,153.0,1587.0,23.0
2021-03-05 07:09:40,31.1826057,121.4025049,153.0,1590.0,23.0
2021-03-05 07:09:41,31.182582,121.4025215,152.0,1593.0,23.0
2021-03-05 07:09:42,31.1825583,121.4025382,153.0,1596.0,23.0
2021-03-05 07:09:43,31.1825356,121.4025556,155.0,1599.0,23.0
2021-03-05 07:09:44,31.182513,121.4025731,155.0,1602.0,23.0
2021-03-05 07:09:45,31.1824911,121.4025909,159.0,1604.0,23.0
2021-03-05 07:09:46,31.1824693,121.4026087,162.0,1607.0,23.0
2021-03-05 07:09:47,31.1824484,121.4026272,163.0,1610.0,23.0
2021-03-05 07:09:48,31.1824276,121.4026457,164.0,1613.0,23.0
2021-03-05 07:09:49,31.1824056,121.4026645,165.0,1616.0,23.0
2021-03-05 07:09:50,31.1823837,121.4026833,165.0,1620.0,23.0
2021-03-05 07:09:51,31.18236,121.4027029,164.0,1623.0,23.0
2021-03-05 07:09:52,31.1823364,121.4027225,165.0,1626.0,22.0
2021-03-05 07:09:53,31.1823118,121.402742,165.0,1630.0,22.0
2021-03-05 07:09:54,31.1822873,121.4027615,164.0,1633.0,22.0
2021-03-05 07:09:55,31.1822627,121.4027787,164.0,1636.0,22.0
2021-03-05 07:09:56,31.1822381,121.4027959,163.0,1638.0,22.0
2021-03-05 07:09:57,31.1822146,121.4028106,162.0,1641.0,22.0
2021-03-05 07:09:58,31.1821912,121.4028253,162.0,1644.0,22.0
2021-03-05 07:09:59,31.1821697,121.4028385,162.0,1646.0,22.0
2021-03-05 07:10:00,31.1821483,121.4028517,162.0,1650.0,22.0
2021-03-05 07:10:01,31.1821271,121.4028665,161.0,1653.0,22.0
2021-03-05 07:10:02,31.182106,121.4028814,162.0,1656.0,22.0
2021-03-05 07:10:03,31.1820846,121.4028983,162.0,1658.0,22.0
2021-03-05 07:10:04,31.1820632,121.4029152,163.0,1660.0,22.0
2021-03-05 07:10:05,31.1820432,121.4029323,163.0,1663.0,22.0
2021-03-05 07:10:06,31.1820233,121.4029494,162.0,1666.0,22.0
2021-03-05 07:10:07,31.1820052,121.4029668,163.0,1668.0,21.0
2021-03-05 07:10:08,31.1819871,121.4029842,163.0,1671.0,21.0
2021-03-05 07:10:09,31.1819691,121.4030014,163.0,1674.0,21.0
2021-03-05 07:10:10,31.1819511,121.4030186,164.0,1676.0,21.0
2021-03-05 07:10:11,31.1819324,121.4030358,164.0,1679.0,21.0
2021-03-05 07:10:12,31.1819137,121.403053,164.0,1682.0,21.0
2021-03-05 07:10:13,31.1818957,121.4030702,162.0,1684.0,21.0
2021-03-05 07:10:14,31.1818777,121.4030874,162.0,1686.0,21.0
2021-03-05 07:10:15,31.1818587,121.4031042,162.0,1689.0,21.0
2021-03-05 07:10:16,31.1818398,121.4031211,162.0,1692.0,21.0
2021-03-05 07:10:17,31.1818214,121.4031356,162.0,1694.0,21.0
2021-03-05 07:10:18,31.181803,121.4031501,162.0,1696.0,21.0
2021-03-05 07:10:19,31.1817842,121.4031634,162.0,1699.0,21.0
2021-03-05 07:10:20,31.1817654,121.4031767,162.0,1702.0,21.0
2021-03-05 07:10:21,31.181746,121.4031891,162.0,1704.0,21.0
2021-03-05 07:10:22,31.1817266,121.4032016,162.0,1706.0,20.0
2021-03-05 07:10:23,31.1817065,121.4032131,162.0,1709.0,20.0
2021-03-05 07:10:24,31.1816865,121.4032246,164.0,1712.0,20.0
2021-03-05 07:10:25,31.1816636,121.4032313,164.0,1715.0,20.0
2021-03-05 07:10:26,31.1816408,121.403238,163.0,1719.0,20.0
2021-03-05 07:10:27,31.1816123,121.4032373,164.0,1723.0,20.0
2021-03-05 07:10:28,31.1815839,121.4032367,163.0,1726.0,20.0
2021-03-05 07:10:29,31.1815542,121.4032287,163.0,1729.0,20.0
2021-03-05 07:10:30,31.1815245,121.4032207,163.0,1734.0,20.0
2021-03-05 07:10:31,31.1814944,121.4032009,162.0,1739.0,20.0
2021-03-05 07:10:32,31.1814643,121.4031811,162.0,1743.0,20.0
2021-03-05 07:10:33,31.181438,121.40315,161.0,1747.0,20.0
2021-03-05 07:10:34,31.1814118,121.4031189,159.0,1750.0,20.0
2021-03-05 07:10:35,31.1813926,121.4030856,159.0,1753.0,20.0
2021-03-05 07:10:36,31.1813735,121.4030523,159.0,1756.0,20.0
2021-03-05 07:10:37,31.1813597,121.4030221,159.0,1758.0,20.0
2021-03-05 07:10:38,31.1813459,121.402992,163.0,1760.0,20.0
2021-03-05 07:10:39,31.1813347,121.4029646,167.0,1763.0,20.0
2021-03-05 07:10:40,31.1813235,121.4029372,169.0,1766.0,20.0
2021-03-05 07:10:41,31.1813113,121.4029115,169.0,1770.0,20.0
2021-03-05 07:10:42,31.1812992,121.4028858,168.0,1774.0,19.0
2021-03-05 07:10:43,31.1812845,121.4028574,168.0,1777.0,19.0
2021-03-05 07:10:44,31.1812698,121.4028291,168.0,1780.0,19.0
2021-03-05 07:10:45,31.1812549,121.4028018,168.0,1782.0,19.0
2021-03-05 07:10:46,31.18124,121.4027746,169.0,1785.0,19.0
2021-03-05 07:10:47,31.1812268,121.4027482,169.0,1788.0,19.0
2021-03-05 07:10:48,31.1812137,121.4027219,169.0,1792.0,19.0
2021-03-05 07:10:49,31.1812014,121.4026922,165.0,1795.0,19.0
2021-03-05 07:10:50,31.1811891,121.4026626,163.0,1798.0,19.0
2021-03-05 07:10:51,31.1811789,121.4026304,163.0,1801.0,19.0
2021-03-05 07:10:52,31.1811687,121.4025983,167.0,1804.0,19.0
2021-03-05 07:10:53,31.1811622,121.4025647,167.0,1808.0,19.0
2021-03-05 07:10:54,31.1811558,121.4025311,169.0,1811.0,19.0
2021-03-05 07:10:55,31.1811501,121.4024979,169.0,1814.0,19.0
2021-03-05 07:10:56,31.1811444,121.4024648,169.0,1817.0,20.0
2021-03-05 07:10:57,31.1811382,121.4024328,170.0,1820.0,20.0
2021-03-05 07:10:58,31.1811321,121.4024008,170.0,1822.0,20.0
2021-03-05 07:10:59,31.1811259,121.4023719,170.0,1825.0,20.0
2021-03-05 07:11:00,31.1811197,121.4023431,170.0,1828.0,20.0
2021-03-05 07:11:01,31.181114,121.4023161,172.0,1830.0,20.0
2021-03-05 07:11:02,31.1811084,121.4022891,174.0,1833.0,20.0
2021-03-05 07:11:03,31.1811052,121.4022617,174.0,1836.0,20.0
2021-03-05 07:11:04,31.1811021,121.4022344,175.0,1839.0,20.0
2021-03-05 07:11:05,31.181095,121.4022068,175.0,1842.0,20.0
2021-03-05 07:11:06,31.1810879,121.4021793,174.0,1844.0,20.0
2021-03-05 07:11:07,31.1810768,121.4021526,176.0,1847.0,20.0
2021-03-05 07:11:08,31.1810657,121.4021259,176.0,1850.0,20.0
2021-03-05 07:11:09,31.1810515,121.402098,176.0,1854.0,20.0
2021-03-05 07:11:10,31.1810373,121.4020702,175.0,1856.0,20.0
2021-03-05 07:11:11,31.181024,121.4020435,175.0,1859.0,20.0
2021-03-05 07:11:12,31.1810108,121.4020168,175.0,1862.0,20.0
2021-03-05 07:11:13,31.1809983,121.4019911,175.0,1865.0,20.0
2021-03-05 07:11:14,31.1809858,121.4019655,176.0,1868.0,20.0
2021-03-05 07:11:15,31.1809729,121.4019408,176.0,1870.0,20.0
2021-03-05 07:11:16,31.1809601,121.4019161,175.0,1872.0,20.0
2021-03-05 07:11:17,31.180948,121.4018941,176.0,1874.0,20.0
2021-03-05 07:11:18,31.1809359,121.4018722,176.0,1876.0,20.0
2021-03-05 07:11:19,31.180925,121.4018519,176.0,1879.0,20.0
2021-03-05 07:11:20,31.1809142,121.4018317,176.0,1882.0,20.0
2021-03-05 07:11:21,31.1809042,121.4018109,171.0,1884.0,20.0
2021-03-05 07:11:22,31.1808942,121.4017902,171.0,1886.0,19.0
2021-03-05 07:11:23,31.1808842,121.401768,171.0,1889.0,19.0
2021-03-05 07:11:24,31.1808743,121.4017459,171.0,1892.0,19.0
2021-03-05 07:11:25,31.1808649,121.4017226,170.0,1894.0,19.0
2021-03-05 07:11:26,31.1808555,121.4016993,170.0,1896.0,19.0
2021-03-05 07:11:27,31.180846,121.4016747,170.0,1899.0,19.0
2021-03-05 07:11:28,31.1808365,121.4016501,170.0,1902.0,19.0
2021-03-05 07:11:29,31.1808267,121.4016232,170.0,1905.0,19.0
2021-03-05 07:11:30,31.1808169,121.4015964,170.0,1908.0,19.0
2021-03-05 07:11:31,31.1808078,121.4015688,169.0,1910.0,20.0
2021-03-05 07:11:32,31.1807988,121.4015413,169.0,1912.0,19.0
2021-03-05 07:11:33,31.1807909,121.4015151,170.0,1915.0,19.0
2021-03-05 07:11:34,31.180783,121.401489,170.0,1918.0,19.0
2021-03-05 07:11:35,31.180776,121.4014607,170.0,1922.0,19.0
2021-03-05 07:11:36,31.180769,121.4014324,169.0,1925.0,19.0
2021-03-05 07:11:37,31.1807631,121.4014016,170.0,1928.0,19.0
2021-03-05 07:11:38,31.1807573,121.4013708,170.0,1930.0,19.0
2021-03-05 07:11:39,31.1807509,121.4013425,170.0,1932.0,19.0
2021-03-05 07:11:40,31.1807445,121.4013142,172.0,1934.0,19.0
2021-03-05 07:11:41,31.1807385,121.4012906,172.0,1936.0,20.0
2021-03-05 07:11:42,31.1807325,121.401267,173.0,1938.0,20.0
2021-03-05 07:11:43,31.180725,121.4012457,173.0,1941.0,20.0
2021-03-05 07:11:44,31.1807175,121.4012244,173.0,1943.0,20.0
2021-03-05 07:11:45,31.1807087,121.4012033,173.0,1945.0,20.0
2021-03-05 07:11:46,31.1807,121.4011823,172.0,1947.0,20.0
2021-03-05 07:11:47,31.1806919,121.4011621,173.0,1949.0,19.0
2021-03-05 07:11:48,31.1806839,121.4011419,172.0,1952.0,19.0
2021-03-05 07:11:49,31.1806771,121.4011212,172.0,1954.0,19.0
2021-03-05 07:11:50,31.1806703,121.4011005,172.0,1958.0,19.0
2021-03-05 07:11:51,31.180661,121.4010743,172.0,1962.0,19.0
2021-03-05 07:11:52,31.1806517,121.4010481,174.0,1966.0,19.0
2021-03-05 07:11:53,31.1806398,121.4010149,174.0,1969.0,19.0
2021-03-05 07:11:54,31.1806279,121.4009817,174.0,1972.0,19.0
2021-03-05 07:11:55,31.1806171,121.4009482,174.0,1974.0,19.0
2021-03-05 07:11:56,31.1806064,121.4009147,175.0,1977.0,19.0
2021-03-05 07:11:57,31.1805967,121.4008856,175.0,1980.0,19.0
2021-03-05 07:11:58,31.1805871,121.4008565,177.0,1982.0,19.0
2021-03-05 07:11:59,31.1805783,121.4008295,177.0,1985.0,19.0
2021-03-05 07:12:00,31.1805695,121.4008026,177.0,1988.0,19.0
2021-03-05 07:12:01,31.1805604,121.400777,176.0,1990.0,19.0
2021-03-05 07:12:02,31.1805513,121.4007514,176.0,1993.0,19.0
2021-03-05 07:12:03,31.1805391,121.4007272,176.0,1996.0,19.0
2021-03-05 07:12:04,31.1805269,121.4007031,178.0,1999.0,19.0
2021-03-05 07:12:05,31.1805139,121.400679,178.0,2002.0,19.0
2021-03-05 07:12:06,31.1805009,121.400655,177.0,2005.0,19.0
2021-03-05 07:12:07,31.1804885,121.4006283,178.0,2008.0,19.0
2021-03-05 07:12:08,31.1804761,121.4006017,177.0,2010.0,19.0
2021-03-05 07:12:09,31.1804661,121.4005753,177.0,2012.0,19.0
2021-03-05 07:12:10,31.1804562,121.400549,177.0,2016.0,19.0
2021-03-05 07:12:11,31.1804465,121.4005215,177.0,2019.0,19.0
2021-03-05 07:12:12,31.1804369,121.400494,177.0,2022.0,19.0
2021-03-05 07:12:13,31.1804288,121.4004643,177.0,2025.0,19.0
2021-03-05 07:12:14,31.1804207,121.4004347,177.0,2028.0,19.0
2021-03-05 07:12:15,31.1804213,121.4004028,177.0,2032.0,19.0
2021-03-05 07:12:16,31.1804219,121.4003709,177.0,2034.0,19.0
2021-03-05 07:12:17,31.1804269,121.4003391,177.0,2037.0,19.0
2021-03-05 07:12:18,31.1804319,121.4003074,177.0,2039.0,19.0
2021-03-05 07:12:19,31.1804329,121.4002785,177.0,2041.0,19.0
2021-03-05 07:12:20,31.180434,121.4002497,177.0,2041.0,19.0
2021-03-05 07:12:21,31.1804366,121.4002328,176.0,2041.0,19.0
2021-03-05 07:12:22,31.1804392,121.400216,177.0,2044.0,19.0
2021-03-05 07:12:23,31.1804413,121.4002013,177.0,2046.0,19.0
2021-03-05 07:12:24,31.1804434,121.4001866,177.0,2049.0,19.0
2021-03-05 07:12:25,31.1804415,121.4001664,177.0,2052.0,19.0
2021-03-05 07:12:26,31.1804396,121.4001463,176.0,2056.0,19.0
2021-03-05 07:12:27,31.1804335,121.400118,177.0,2059.0,19.0
2021-03-05 07:12:28,31.1804274,121.4000897,177.0,2062.0,19.0
2021-03-05 07:12:29,31.1804187,121.4000581,177.0,2065.0,19.0
2021-03-05 07:12:30,31.1804101,121.4000266,177.0,2068.0,19.0
2021-03-05 07:12:31,31.1804013,121.3999954,176.0,2071.0,19.0
2021-03-05 07:12:32,31.1803925,121.3999642,177.0,2074.0,19.0
2021-03-05 07:12:33,31.180382,121.3999334,177.0,2077.0,19.0
2021-03-05 07:12:34,31.1803716,121.3999026,177.0,2080.0,19.0
2021-03-05 07:12:35,31.1803614,121.3998721,177.0,2083.0,19.0
2021-03-05 07:12:36,31.1803513,121.3998416,176.0,2086.0,19.0
2021-03-05 07:12:37,31.1803374,121.3998182,177.0,2088.0,19.0
2021-03-05 07:12:38,31.1803235,121.3997948,176.0,2091.0,19.0
2021-03-05 07:12:39,31.1803069,121.399773,175.0,2094.0,19.0
2021-03-05 07:12:40,31.1802904,121.3997513,174.0,2096.0,19.0
2021-03-05 07:12:41,31.180275,121.3997281,174.0,2099.0,19.0
2021-03-05 07:12:42,31.1802597,121.3997049,174.0,2099.0,19.0
2021-03-05 07:12:43,31.1802446,121.3996843,174.0,2099.0,19.0
2021-03-05 07:12:44,31.1802296,121.3996637,174.0,2104.0,19.0
2021-03-05 07:12:45,31.1802154,121.399642,175.0,2110.0,19.0
2021-03-05 07:12:46,31.1802012,121.3996204,174.0,2113.0,19.0
2021-03-05 07:12:47,31.1801881,121.3995949,175.0,2116.0,19.0
2021-03-05 07:12:48,31.180175,121.3995695,175.0,2120.0,19.0
2021-03-05 07:12:49,31.1801677,121.3995371,176.0,2124.0,19.0
2021-03-05 07:12:50,31.1801605,121.3995047,176.0,2128.0,19.0
2021-03-05 07:12:51,31.1801594,121.3994641,176.0,2133.0,19.0
2021-03-05 07:12:52,31.1801583,121.3994236,176.0,2137.0,19.0
2021-03-05 07:12:53,31.1801651,121.3993782,176.0,2141.0,19.0
2021-03-05 07:12:54,31.180172,121.3993328,176.0,2144.0,19.0
2021-03-05 07:12:55,31.1801797,121.3992908,176.0,2148.0,19.0
2021-03-05 07:12:56,31.1801875,121.3992489,175.0,2150.0,19.0
2021-03-05 07:12:57,31.1801947,121.399213,176.0,2153.0,19.0
2021-03-05 07:12:58,31.1802019,121.3991771,175.0,2156.0,19.0
2021-03-05 07:12:59,31.1802056,121.3991491,175.0,2158.0,19.0
2021-03-05 07:13:00,31.1802094,121.3991211,176.0,2162.0,19.0
2021-03-05 07:13:01,31.1802061,121.3990928,177.0,2165.0,19.0
2021-03-05 07:13:02,31.1802029,121.3990645,177.0,2168.0,19.0
2021-03-05 07:13:03,31.1801952,121.3990329,177.0,2171.0,19.0
2021-03-05 07:13:04,31.1801876,121.3990014,177.0,2174.0,19.0
2021-03-05 07:13:05,31.1801795,121.3989699,177.0,2178.0,19.0
2021-03-05 07:13:06,31.1801714,121.3989385,176.0,2181.0,19.0
2021-03-05 07:13:07,31.1801608,121.3989068,177.0,2184.0,19.0
2021-03-05 07:13:08,31.1801502,121.3988751,177.0,2186.0,19.0
2021-03-05 07:13:09,31.1801405,121.3988466,177.0,2189.0,19.0
2021-03-05 07:13:10,31.1801308,121.3988181,177.0,2190.0,19.0
2021-03-05 07:13:11,31.180126,121.3987946,176.0,2192.0,19.0
2021-03-05 07:13:12,31.1801213,121.3987712,177.0,2194.0,19.0
2021-03-05 07:13:13,31.1801159,121.3987497,177.0,2197.0,19.0
2021-03-05 07:13:14,31.1801105,121.3987283,177.0,2198.0,19.0
2021-03-05 07:13:15,31.1801024,121.3987088,177.0,2200.0,19.0
2021-03-05 07:13:16,31.1800944,121.3986894,176.0,2202.0,19.0
2021-03-05 07:13:17,31.1800838,121.398674,177.0,2204.0,19.0
2021-03-05 07:13:18,31.1800732,121.3986586,177.0,2206.0,19.0
2021-03-05 07:13:19,31.1800595,121.3986456,177.0,2209.0,19.0
2021-03-05 07:13:20,31.1800459,121.3986326,177.0,2212.0,19.0
2021-03-05 07:13:21,31.1800271,121.3986185,177.0,2215.0,19.0
2021-03-05 07:13:22,31.1800084,121.3986044,177.0,2217.0,18.0
2021-03-05 07:13:23,31.1799905,121.3985886,177.0,2219.0,18.0
2021-03-05 07:13:24,31.1799727,121.3985728,177.0,2222.0,18.0
2021-03-05 07:13:25,31.1799615,121.3985526,177.0,2224.0,18.0
2021-03-05 07:13:26,31.1799503,121.3985324,177.0,2228.0,18.0
2021-03-05 07:13:27,31.1799351,121.3985064,177.0,2233.0,18.0
2021-03-05 07:13:28,31.1799199,121.3984805,177.0,2238.0,18.0
2021-03-05 07:13:29,31.1798991,121.3984436,177.0,2243.0,18.0
2021-03-05 07:13:30,31.1798784,121.3984067,177.0,2246.0,18.0
2021-03-05 07:13:31,31.1798598,121.3983645,177.0,2250.0,18.0
2021-03-05 07:13:32,31.1798412,121.3983223,177.0,2252.0,18.0
2021-03-05 07:13:33,31.1798277,121.3982906,176.0,2253.0,18.0
2021-03-05 07:13:34,31.1798143,121.3982589,175.0,2256.0,18.0
2021-03-05 07:13:35,31.1798053,121.3982333,175.0,2259.0,18.0
2021-03-05 07:13:36,31.1797964,121.3982078,174.0,2262.0,19.0
2021-03-05 07:13:37,31.1797889,121.3981812,174.0,2265.0,18.0
2021-03-05 07:13:38,31.1797815,121.3981546,174.0,2268.0,18.0
2021-03-05 07:13:39,31.1797758,121.3981291,173.0,2270.0,18.0
2021-03-05 07:13:40,31.1797702,121.3981036,173.0,2273.0,18.0
2021-03-05 07:13:41,31.1797674,121.3980752,172.0,2276.0,18.0
2021-03-05 07:13:42,31.1797647,121.3980468,172.0,2279.0,18.0
2021-03-05 07:13:43,31.179764,121.3980166,172.0,2282.0,18.0
2021-03-05 07:13:44,31.1797634,121.3979864,172.0,2284.0,18.0
2021-03-05 07:13:45,31.1797637,121.3979569,172.0,2287.0,18.0
2021-03-05 07:13:46,31.179764,121.3979274,172.0,2290.0,18.0
2021-03-05 07:13:47,31.1797624,121.3979002,172.0,2292.0,18.0
2021-03-05 07:13:48,31.1797609,121.3978731,172.0,2295.0,18.0
2021-03-05 07:13:49,31.1797577,121.3978442,172.0,2298.0,18.0
2021-03-05 07:13:50,31.1797546,121.3978153,172.0,2302.0,18.0
2021-03-05 07:13:51,31.1797494,121.3977835,172.0,2305.0,19.0
2021-03-05 07:13:52,31.1797442,121.3977518,173.0,2308.0,18.0
2021-03-05 07:13:53,31.1797398,121.3977172,173.0,2312.0,18.0
2021-03-05 07:13:54,31.1797355,121.3976827,173.0,2314.0,18.0
2021-03-05 07:13:55,31.1797295,121.3976506,173.0,2317.0,18.0
2021-03-05 07:13:56,31.1797236,121.3976186,172.0,2320.0,18.0
2021-03-05 07:13:57,31.1797201,121.3975896,174.0,2322.0,18.0
2021-03-05 07:13:58,31.1797166,121.3975607,174.0,2326.0,18.0
2021-03-05 07:13:59,31.1797174,121.3975309,172.0,2329.0,18.0
2021-03-05 07:14:00,31.1797182,121.3975011,172.0,2332.0,18.0
2021-03-05 07:14:01,31.1797198,121.3974709,172.0,2334.0,18.0
2021-03-05 07:14:02,31.1797214,121.3974407,172.0,2336.0,18.0
2021-03-05 07:14:03,31.1797188,121.3974133,172.0,2338.0,18.0
2021-03-05 07:14:04,31.1797163,121.397386,172.0,2340.0,18.0
2021-03-05 07:14:05,31.1797073,121.3973628,172.0,2343.0,18.0
2021-03-05 07:14:06,31.1796983,121.3973396,172.0,2346.0,19.0
2021-03-05 07:14:07,31.1796857,121.3973202,172.0,2348.0,19.0
2021-03-05 07:14:08,31.1796731,121.3973008,172.0,2351.0,19.0
2021-03-05 07:14:09,31.1796586,121.3972806,172.0,2354.0,19.0
2021-03-05 07:14:10,31.1796441,121.3972604,172.0,2356.0,19.0
2021-03-05 07:14:11,31.1796301,121.3972391,172.0,2358.0,19.0
2021-03-05 07:14:12,31.1796161,121.3972178,172.0,2361.0,19.0
2021-03-05 07:14:13,31.1796038,121.3971952,174.0,2364.0,19.0
2021-03-05 07:14:14,31.1795916,121.3971727,174.0,2366.0,19.0
2021-03-05 07:14:15,31.1795825,121.3971503,173.0,2367.0,19.0
2021-03-05 07:14:16,31.1795735,121.3971279,173.0,2372.0,19.0
2021-03-05 07:14:17,31.1795833,121.3971015,172.0,2377.0,19.0
2021-03-05 07:14:18,31.1795931,121.3970752,172.0,2377.0,19.0
2021-03-05 07:14:19,31.179622,121.3970345,172.0,2377.0,19.0
2021-03-05 07:14:20,31.1796509,121.3969939,172.0,2386.0,19.0
2021-03-05 07:14:21,31.1796672,121.3969525,171.0,2394.0,19.0
2021-03-05 07:14:22,31.1796836,121.3969111,172.0,2397.0,19.0
2021-03-05 07:14:23,31.1796818,121.3968767,172.0,2400.0,19.0
2021-03-05 07:14:24,31.17968,121.3968424,172.0,2402.0,19.0
2021-03-05 07:14:25,31.1796697,121.3968144,172.0,2405.0,19.0
2021-03-05 07:14:26,31.1796595,121.3967865,171.0,2407.0,19.0
2021-03-05 07:14:27,31.1796481,121.3967635,172.0,2409.0,18.0
2021-03-05 07:14:28,31.1796368,121.3967405,172.0,2411.0,18.0
2021-03-05 07:14:29,31.1796265,121.3967214,172.0,2413.0,18.0
2021-03-05 07:14:30,31.1796163,121.3967024,172.0,2416.0,18.0
2021-03-05 07:14:31,31.1796071,121.3966836,171.0,2418.0,18.0
2021-03-05 07:14:32,31.179598,121.3966648,172.0,2422.0,18.0
2021-03-05 07:14:33,31.1795853,121.3966403,173.0,2426.0,18.0
2021-03-05 07:14:34,31.1795727,121.3966158,173.0,2430.0,18.0
2021-03-05 07:14:35,31.1795573,121.3965813,173.0,2435.0,18.0
2021-03-05 07:14:36,31.179542,121.3965469,173.0,2440.0,18.0
2021-03-05 07:14:37,31.1795258,121.3965048,173.0,2444.0,18.0
2021-03-05 07:14:38,31.1795096,121.3964627,173.0,2448.0,18.0
2021-03-05 07:14:39,31.1794924,121.3964191,174.0,2453.0,18.0
2021-03-05 07:14:40,31.1794753,121.3963756,174.0,2456.0,18.0
2021-03-05 07:14:41,31.1794587,121.3963361,173.0,2459.0,19.0
2021-03-05 07:14:42,31.1794421,121.3962966,174.0,2462.0,18.0
2021-03-05 07:14:43,31.1794262,121.3962649,174.0,2465.0,18.0
2021-03-05 07:14:44,31.1794104,121.3962332,174.0,2468.0,18.0
2021-03-05 07:14:45,31.179395,121.3962084,174.0,2470.0,18.0
2021-03-05 07:14:46,31.1793797,121.3961837,172.0,2472.0,18.0
2021-03-05 07:14:47,31.1793658,121.3961622,173.0,2475.0,18.0
2021-03-05 07:14:48,31.1793519,121.3961407,173.0,2478.0,18.0
2021-03-05 07:14:49,31.1793414,121.3961183,173.0,2480.0,18.0
2021-03-05 07:14:50,31.1793309,121.3960959,173.0,2484.0,18.0
2021-03-05 07:14:51,31.179318,121.3960715,172.0,2487.0,18.0
2021-03-05 07:14:52,31.1793051,121.3960471,173.0,2490.0,18.0
2021-03-05 07:14:53,31.1792856,121.3960236,173.0,2493.0,18.0
2021-03-05 07:14:54,31.1792662,121.3960001,173.0,2496.0,18.0
2021-03-05 07:14:55,31.1792486,121.3959775,173.0,2498.0,18.0
2021-03-05 07:14:56,31.1792311,121.395955,172.0,2500.0,18.0
2021-03-05 07:14:57,31.1792203,121.3959303,173.0,2503.0,18.0
2021-03-05 07:14:58,31.1792095,121.3959057,173.0,2506.0,18.0
2021-03-05 07:14:59,31.1792026,121.3958797,173.0,2509.0,18.0
2021-03-05 07:15:00,31.1791957,121.3958538,173.0,2512.0,18.0
2021-03-05 07:15:01,31.1791872,121.3958263,172.0,2515.0,18.0
2021-03-05 07:15:02,31.1791787,121.3957988,174.0,2518.0,18.0
2021-03-05 07:15:03,31.1791704,121.39577,174.0,2520.0,18.0
2021-03-05 07:15:04,31.1791622,121.3957413,173.0,2523.0,18.0
2021-03-05 07:15:05,31.1791558,121.395712,173.0,2526.0,18.0
2021-03-05 07:15:06,31.1791494,121.3956827,172.0,2528.0,18.0
2021-03-05 07:15:07,31.1791439,121.395654,173.0,2531.0,18.0
2021-03-05 07:15:08,31.1791384,121.3956253,173.0,2534.0,18.0
2021-03-05 07:15:09,31.179132,121.3955983,174.0,2536.0,18.0
2021-03-05 07:15:10,31.1791256,121.3955713,174.0,2539.0,18.0
2021-03-05 07:15:11,31.1791119,121.3955503,172.0,2542.0,18.0
2021-03-05 07:15:12,31.1790983,121.3955294,173.0,2544.0,18.0
2021-03-05 07:15:13,31.1790788,121.3955117,173.0,2547.0,18.0
2021-03-05 07:15:14,31.1790594,121.395494,173.0,2550.0,18.0
2021-03-05 07:15:15,31.1790424,121.395474,174.0,2553.0,18.0
2021-03-05 07:15:16,31.1790254,121.395454,174.0,2556.0,18.0
2021-03-05 07:15:17,31.1790121,121.3954292,174.0,2559.0,18.0
2021-03-05 07:15:18,31.1789988,121.3954045,174.0,2562.0,18.0
2021-03-05 07:15:19,31.1789887,121.3953765,174.0,2565.0,18.0
2021-03-05 07:15:20,31.1789787,121.3953486,174.0,2568.0,18.0
2021-03-05 07:15:21,31.1789696,121.3953205,173.0,2570.0,18.0
2021-03-05 07:15:22,31.1789605,121.3952924,173.0,2572.0,18.0
2021-03-05 07:15:23,31.1789522,121.3952662,173.0,2574.0,18.0
2021-03-05 07:15:24,31.178944,121.39524,173.0,2577.0,18.0
2021-03-05 07:15:25,31.1789374,121.3952147,173.0,2580.0,18.0
2021-03-05 07:15:26,31.1789308,121.3951895,172.0,2583.0,18.0
2021-03-05 07:15:27,31.1789319,121.3951619,173.0,2586.0,18.0
2021-03-05 07:15:28,31.1789331,121.3951344,174.0,2589.0,18.0
2021-03-05 07:15:29,31.1789403,121.3951034,176.0,2592.0,18.0
2021-03-05 07:15:30,31.1789476,121.3950724,176.0,2596.0,18.0
2021-03-05 07:15:31,31.1789547,121.3950403,176.0,2599.0,18.0
2021-03-05 07:15:32,31.1789618,121.3950083,177.0,2602.0,18.0
2021-03-05 07:15:33,31.1789647,121.3949752,177.0,2605.0,18.0
2021-03-05 07:15:34,31.1789677,121.3949421,177.0,2608.0,18.0
2021-03-05 07:15:35,31.1789659,121.3949086,178.0,2611.0,18.0
2021-03-05 07:15:36,31.1789642,121.3948752,177.0,2614.0,18.0
2021-03-05 07:15:37,31.1789595,121.3948424,178.0,2617.0,18.0
2021-03-05 07:15:38,31.1789548,121.3948097,178.0,2620.0,18.0
2021-03-05 07:15:39,31.178946,121.3947805,178.0,2623.0,18.0
2021-03-05 07:15:40,31.1789372,121.3947514,178.0,2626.0,18.0
2021-03-05 07:15:41,31.1789276,121.3947237,177.0,2629.0,18.0
2021-03-05 07:15:42,31.1789181,121.394696,177.0,2632.0,18.0
2021-03-05 07:15:43,31.17891,121.3946672,177.0,2635.0,18.0
2021-03-05 07:15:44,31.1789019,121.3946385,177.0,2638.0,18.0
2021-03-05 07:15:45,31.1788939,121.3946105,177.0,2640.0,18.0
2021-03-05 07:15:46,31.1788859,121.3945825,177.0,2642.0,18.0
2021-03-05 07:15:47,31.1788784,121.3945576,177.0,2644.0,18.0
2021-03-05 07:15:48,31.178871,121.3945328,177.0,2647.0,18.0
2021-03-05 07:15:49,31.1788634,121.3945077,177.0,2650.0,18.0
2021-03-05 07:15:50,31.1788558,121.3944826,177.0,2652.0,18.0
2021-03-05 07:15:51,31.1788473,121.3944589,176.0,2654.0,18.0
2021-03-05 07:15:52,31.1788389,121.3944352,177.0,2656.0,18.0
2021-03-05 07:15:53,31.1788308,121.394413,178.0,2658.0,18.0
2021-03-05 07:15:54,31.1788228,121.3943909,178.0,2660.0,18.0
2021-03-05 07:15:55,31.178816,121.3943688,179.0,2663.0,18.0
2021-03-05 07:15:56,31.1788093,121.3943467,178.0,2666.0,19.0
2021-03-05 07:15:57,31.1788039,121.3943247,178.0,2668.0,18.0
2021-03-05 07:15:58,31.1787985,121.3943027,178.0,2670.0,18.0
2021-03-05 07:15:59,31.1787926,121.3942797,178.0,2672.0,18.0
2021-03-05 07:16:00,31.1787868,121.3942567,178.0,2674.0,18.0
2021-03-05 07:16:01,31.1787808,121.3942324,177.0,2677.0,18.0
2021-03-05 07:16:02,31.1787748,121.3942081,177.0,2680.0,18.0
2021-03-05 07:16:03,31.1787691,121.3941813,177.0,2683.0,18.0
2021-03-05 07:16:04,31.1787634,121.3941545,177.0,2686.0,18.0
2021-03-05 07:16:05,31.1787581,121.3941274,177.0,2688.0,18.0
2021-03-05 07:16:06,31.1787528,121.3941003,176.0,2690.0,18.0
2021-03-05 07:16:07,31.1787458,121.3940745,177.0,2693.0,18.0
2021-03-05 07:16:08,31.1787388,121.3940488,177.0,2696.0,18.0
2021-03-05 07:16:09,31.1787298,121.3940222,177.0,2699.0,18.0
2021-03-05 07:16:10,31.1787209,121.3939957,177.0,2702.0,18.0
2021-03-05 07:16:11,31.1787128,121.3939682,176.0,2704.0,19.0
2021-03-05 07:16:12,31.1787048,121.3939408,177.0,2706.0,19.0
2021-03-05 07:16:13,31.1786984,121.3939137,177.0,2709.0,19.0
2021-03-05 07:16:14,31.178692,121.3938867,178.0,2712.0,19.0
2021-03-05 07:16:15,31.1786874,121.39386,178.0,2714.0,19.0
2021-03-05 07:16:16,31.1786828,121.3938333,178.0,2716.0,19.0
2021-03-05 07:16:17,31.1786771,121.3938077,178.0,2719.0,19.0
2021-03-05 07:16:18,31.1786714,121.3937822,178.0,2722.0,19.0
2021-03-05 07:16:19,31.1786645,121.3937574,177.0,2724.0,19.0
2021-03-05 07:16:20,31.1786577,121.3937327,177.0,2726.0,19.0
2021-03-05 07:16:21,31.1786506,121.3937088,177.0,2729.0,19.0
2021-03-05 07:16:22,31.1786436,121.393685,176.0,2732.0,19.0
2021-03-05 07:16:23,31.1786356,121.39366,176.0,2735.0,19.0
2021-03-05 07:16:24,31.1786276,121.3936351,176.0,2738.0,19.0
2021-03-05 07:16:25,31.1786195,121.393609,177.0,2740.0,19.0
2021-03-05 07:16:26,31.1786115,121.393583,176.0,2742.0,19.0
2021-03-05 07:16:27,31.1786049,121.3935567,177.0,2745.0,19.0
2021-03-05 07:16:28,31.1785984,121.3935305,176.0,2748.0,19.0
2021-03-05 07:16:29,31.1785918,121.3935048,176.0,2750.0,19.0
2021-03-05 07:16:30,31.1785853,121.3934791,176.0,2752.0,19.0
2021-03-05 07:16:31,31.1785784,121.3934544,176.0,2755.0,19.0
2021-03-05 07:16:32,31.1785716,121.3934298,176.0,2758.0,19.0
2021-03-05 07:16:33,31.178565,121.3934051,176.0,2760.0,19.0
2021-03-05 07:16:34,31.1785584,121.3933804,176.0,2763.0,19.0
2021-03-05 07:16:35,31.178551,121.3933539,176.0,2766.0,19.0
2021-03-05 07:16:36,31.1785436,121.3933275,176.0,2769.0,19.0
2021-03-05 07:16:37,31.1785356,121.3932985,176.0,2772.0,19.0
2021-03-05 07:16:38,31.1785277,121.3932696,176.0,2775.0,19.0
2021-03-05 07:16:39,31.1785194,121.3932383,176.0,2778.0,19.0
2021-03-05 07:16:40,31.1785112,121.3932071,176.0,2781.0,19.0
2021-03-05 07:16:41,31.1785025,121.3931758,175.0,2784.0,19.0
2021-03-05 07:16:42,31.1784939,121.3931446,176.0,2788.0,19.0
2021-03-05 07:16:43,31.1784863,121.3931111,177.0,2792.0,19.0
2021-03-05 07:16:44,31.1784787,121.3930777,177.0,2796.0,19.0
2021-03-05 07:16:45,31.1784695,121.3930424,177.0,2799.0,19.0
2021-03-05 07:16:46,31.1784603,121.3930071,175.0,2802.0,19.0
2021-03-05 07:16:47,31.1784504,121.3929715,177.0,2806.0,19.0
2021-03-05 07:16:48,31.1784405,121.3929359,177.0,2809.0,19.0
2021-03-05 07:16:49,31.1784313,121.3929005,177.0,2812.0,19.0
2021-03-05 07:16:50,31.1784222,121.3928651,175.0,2815.0,19.0
2021-03-05 07:16:51,31.1784155,121.3928333,176.0,2818.0,19.0
2021-03-05 07:16:52,31.1784088,121.3928016,176.0,2820.0,19.0
2021-03-05 07:16:53,31.1784025,121.3927736,176.0,2823.0,19.0
2021-03-05 07:16:54,31.1783963,121.3927457,176.0,2826.0,19.0
2021-03-05 07:16:55,31.1783886,121.3927198,177.0,2828.0,19.0
2021-03-05 07:16:56,31.1783809,121.3926939,175.0,2830.0,19.0
2021-03-05 07:16:57,31.1783728,121.3926687,176.0,2833.0,19.0
2021-03-05 07:16:58,31.1783647,121.3926435,176.0,2836.0,19.0
2021-03-05 07:16:59,31.178357,121.3926178,176.0,2839.0,19.0
2021-03-05 07:17:00,31.1783494,121.3925922,176.0,2842.0,19.0
2021-03-05 07:17:01,31.1783422,121.3925651,174.0,2844.0,19.0
2021-03-05 07:17:02,31.1783351,121.3925381,175.0,2847.0,19.0
2021-03-05 07:17:03,31.1783272,121.3925105,176.0,2850.0,19.0
2021-03-05 07:17:04,31.1783193,121.3924829,176.0,2853.0,19.0
2021-03-05 07:17:05,31.17831,121.3924539,176.0,2856.0,19.0
2021-03-05 07:17:06,31.1783008,121.392425,176.0,2858.0,19.0
2021-03-05 07:17:07,31.1782919,121.3923971,176.0,2861.0,19.0
2021-03-05 07:17:08,31.1782831,121.3923693,175.0,2864.0,19.0
2021-03-05 07:17:09,31.1782741,121.3923415,175.0,2867.0,19.0
2021-03-05 07:17:10,31.1782652,121.3923137,175.0,2870.0,19.0
2021-03-05 07:17:11,31.1782558,121.3922849,174.0,2874.0,19.0
2021-03-05 07:17:12,31.1782465,121.3922561,175.0,2877.0,19.0
2021-03-05 07:17:13,31.1782356,121.3922248,175.0,2880.0,19.0
2021-03-05 07:17:14,31.1782248,121.3921935,176.0,2883.0,19.0
2021-03-05 07:17:15,31.1782143,121.3921629,176.0,2886.0,19.0
2021-03-05 07:17:16,31.1782038,121.3921323,175.0,2889.0,20.0
2021-03-05 07:17:17,31.178194,121.3921009,176.0,2892.0,20.0
2021-03-05 07:17:18,31.1781843,121.3920696,176.0,2895.0,20.0
2021-03-05 07:17:19,31.1781786,121.3920386,174.0,2898.0,20.0
2021-03-05 07:17:20,31.1781729,121.3920076,174.0,2901.0,20.0
2021-03-05 07:17:21,31.1781739,121.3919781,174.0,2904.0,20.0
2021-03-05 07:17:22,31.1781749,121.3919487,174.0,2906.0,20.0
2021-03-05 07:17:23,31.1781845,121.3919219,174.0,2909.0,20.0
2021-03-05 07:17:24,31.1781941,121.3918951,174.0,2912.0,20.0
2021-03-05 07:17:25,31.1782098,121.3918724,174.0,2915.0,20.0
2021-03-05 07:17:26,31.1782256,121.3918497,174.0,2918.0,20.0
2021-03-05 07:17:27,31.1782447,121.3918312,175.0,2920.0,20.0
2021-03-05 07:17:28,31.1782638,121.3918128,173.0,2923.0,20.0
2021-03-05 07:17:29,31.1782857,121.3917973,174.0,2926.0,20.0
2021-03-05 07:17:30,31.1783077,121.3917819,174.0,2928.0,20.0
2021-03-05 07:17:31,31.1783296,121.3917706,174.0,2931.0,20.0
2021-03-05 07:17:32,31.1783515,121.3917594,174.0,2934.0,20.0
2021-03-05 07:17:33,31.1783746,121.3917533,174.0,2937.0,20.0
2021-03-05 07:17:34,31.1783977,121.3917472,174.0,2940.0,20.0
2021-03-05 07:17:35,31.1784228,121.3917467,174.0,2943.0,20.0
2021-03-05 07:17:36,31.1784479,121.3917462,174.0,2946.0,20.0
2021-03-05 07:17:37,31.1784761,121.3917521,174.0,2950.0,20.0
2021-03-05 07:17:38,31.1785044,121.3917581,174.0,2953.0,20.0
2021-03-05 07:17:39,31.1785336,121.3917674,174.0,2956.0,20.0
2021-03-05 07:17:40,31.1785629,121.3917767,174.0,2959.0,20.0
2021-03-05 07:17:41,31.1785907,121.3917864,173.0,2962.0,20.0
2021-03-05 07:17:42,31.1786186,121.3917962,174.0,2965.0,20.0
2021-03-05 07:17:43,31.178645,121.3918048,173.0,2968.0,20.0
2021-03-05 07:17:44,31.1786715,121.3918135,173.0,2971.0,20.0
2021-03-05 07:17:45,31.1786968,121.3918233,173.0,2974.0,20.0
2021-03-05 07:17:46,31.1787221,121.3918332,173.0,2977.0,20.0
2021-03-05 07:17:47,31.1787481,121.3918404,174.0,2980.0,20.0
2021-03-05 07:17:48,31.1787742,121.3918477,174.0,2984.0,20.0
2021-03-05 07:17:49,31.1788015,121.3918507,175.0,2987.0,20.0
2021-03-05 07:17:50,31.1788289,121.3918538,175.0,2990.0,20.0
2021-03-05 07:17:51,31.1788552,121.391852,175.0,2992.0,20.0
2021-03-05 07:17:52,31.1788815,121.3918503,175.0,2995.0,20.0
2021-03-05 07:17:53,31.1789053,121.3918403,174.0,2998.0,20.0
2021-03-05 07:17:54,31.1789291,121.3918303,174.0,3000.0,20.0
2021-03-05 07:17:55,31.1789486,121.391812,173.0,3003.0,20.0
2021-03-05 07:17:56,31.1789682,121.3917937,174.0,3007.0,21.0
2021-03-05 07:17:57,31.1789826,121.391766,174.0,3011.0,21.0
2021-03-05 07:17:58,31.1789971,121.3917383,174.0,3014.0,21.0
2021-03-05 07:17:59,31.1790113,121.3917074,174.0,3017.0,21.0
2021-03-05 07:18:00,31.1790256,121.3916765,174.0,3020.0,21.0
2021-03-05 07:18:01,31.1790433,121.3916512,173.0,3022.0,21.0
2021-03-05 07:18:02,31.1790611,121.3916259,174.0,3026.0,21.0
2021-03-05 07:18:03,31.1790854,121.3916118,173.0,3030.0,21.0
2021-03-05 07:18:04,31.1791098,121.3915978,175.0,3033.0,21.0
2021-03-05 07:18:05,31.1791389,121.3915901,173.0,3036.0,21.0
2021-03-05 07:18:06,31.1791681,121.3915825,173.0,3039.0,22.0
2021-03-05 07:18:07,31.1791965,121.3915777,174.0,3042.0,22.0
2021-03-05 07:18:08,31.1792249,121.391573,175.0,3045.0,22.0
2021-03-05 07:18:09,31.179253,121.3915696,175.0,3048.0,22.0
2021-03-05 07:18:10,31.1792811,121.3915663,175.0,3051.0,22.0
2021-03-05 07:18:11,31.1793085,121.3915623,175.0,3054.0,23.0
2021-03-05 07:18:12,31.1793359,121.3915584,175.0,3057.0,23.0
2021-03-05 07:18:13,31.179362,121.3915531,175.0,3060.0,23.0
2021-03-05 07:18:14,31.1793882,121.3915479,175.0,3063.0,23.0
2021-03-05 07:18:15,31.1794147,121.3915422,175.0,3066.0,23.0
2021-03-05 07:18:16,31.1794413,121.3915365,176.0,3069.0,23.0
2021-03-05 07:18:17,31.179468,121.3915293,177.0,3072.0,23.0
2021-03-05 07:18:18,31.1794948,121.3915222,177.0,3075.0,23.0
2021-03-05 07:18:19,31.1795214,121.3915149,177.0,3078.0,23.0
2021-03-05 07:18:20,31.1795481,121.3915076,177.0,3082.0,23.0
2021-03-05 07:18:21,31.179575,121.3915006,178.0,3085.0,23.0
2021-03-05 07:18:22,31.179602,121.3914936,178.0,3088.0,23.0
2021-03-05 07:18:23,31.1796291,121.391487,178.0,3091.0,23.0
2021-03-05 07:18:24,31.1796563,121.3914804,177.0,3094.0,23.0
2021-03-05 07:18:25,31.1796845,121.3914728,177.0,3098.0,23.0
2021-03-05 07:18:26,31.1797128,121.3914652,176.0,3101.0,23.0
2021-03-05 07:18:27,31.1797408,121.3914563,177.0,3104.0,23.0
2021-03-05 07:18:28,31.1797688,121.3914474,177.0,3107.0,23.0
2021-03-05 07:18:29,31.1797956,121.3914395,177.0,3110.0,23.0
2021-03-05 07:18:30,31.1798224,121.3914317,177.0,3113.0,23.0
2021-03-05 07:18:31,31.1798491,121.3914243,176.0,3116.0,23.0
2021-03-05 07:18:32,31.1798758,121.391417,177.0,3120.0,23.0
2021-03-05 07:18:33,31.1799024,121.3914094,177.0,3123.0,23.0
2021-03-05 07:18:34,31.179929,121.3914018,177.0,3126.0,23.0
2021-03-05 07:18:35,31.1799574,121.3913916,177.0,3129.0,23.0
2021-03-05 07:18:36,31.1799859,121.3913814,176.0,3132.0,23.0
2021-03-05 07:18:37,31.1800138,121.3913678,176.0,3136.0,23.0
2021-03-05 07:18:38,31.1800417,121.3913542,176.0,3139.0,23.0
2021-03-05 07:18:39,31.1800681,121.391338,176.0,3142.0,23.0
2021-03-05 07:18:40,31.1800945,121.3913218,176.0,3145.0,23.0
2021-03-05 07:18:41,31.1801208,121.3913097,175.0,3148.0,23.0
2021-03-05 07:18:42,31.1801472,121.3912977,176.0,3151.0,23.0
2021-03-05 07:18:43,31.1801722,121.3912873,176.0,3154.0,23.0
2021-03-05 07:18:44,31.1801972,121.3912769,176.0,3156.0,23.0
2021-03-05 07:18:45,31.1802209,121.3912653,176.0,3159.0,23.0
2021-03-05 07:18:46,31.1802447,121.3912538,175.0,3162.0,23.0
2021-03-05 07:18:47,31.1802694,121.3912434,177.0,3166.0,23.0
2021-03-05 07:18:48,31.1802941,121.391233,177.0,3168.0,23.0
2021-03-05 07:18:49,31.1803193,121.3912247,177.0,3171.0,23.0
2021-03-05 07:18:50,31.1803446,121.3912165,172.0,3174.0,23.0
2021-03-05 07:18:51,31.1803689,121.3912087,168.0,3177.0,23.0
2021-03-05 07:18:52,31.1803932,121.391201,166.0,3180.0,23.0
2021-03-05 07:18:53,31.1804186,121.3911921,164.0,3183.0,23.0
2021-03-05 07:18:54,31.1804441,121.3911833,163.0,3186.0,23.0
2021-03-05 07:18:55,31.1804714,121.391174,163.0,3190.0,23.0
2021-03-05 07:18:56,31.1804988,121.3911648,162.0,3193.0,23.0
2021-03-05 07:18:57,31.1805266,121.3911557,161.0,3196.0,23.0
2021-03-05 07:18:58,31.1805545,121.3911466,161.0,3199.0,23.0
2021-03-05 07:18:59,31.1805819,121.3911373,160.0,3202.0,23.0
2021-03-05 07:19:00,31.1806094,121.3911281,160.0,3206.0,23.0
2021-03-05 07:19:01,31.1806366,121.3911184,160.0,3209.0,23.0
2021-03-05 07:19:02,31.1806638,121.3911087,160.0,3212.0,22.0
2021-03-05 07:19:03,31.1806907,121.3910983,161.0,3215.0,22.0
2021-03-05 07:19:04,31.1807177,121.391088,161.0,3218.0,22.0
2021-03-05 07:19:05,31.1807422,121.3910772,163.0,3220.0,22.0
2021-03-05 07:19:06,31.1807667,121.3910664,164.0,3222.0,22.0
2021-03-05 07:19:07,31.1807895,121.3910575,164.0,3225.0,22.0
2021-03-05 07:19:08,31.1808124,121.3910486,165.0,3228.0,22.0
2021-03-05 07:19:09,31.1808362,121.39104,165.0,3232.0,22.0
2021-03-05 07:19:10,31.18086,121.3910315,165.0,3235.0,22.0
2021-03-05 07:19:11,31.1808859,121.3910208,165.0,3238.0,22.0
2021-03-05 07:19:12,31.1809119,121.3910102,165.0,3242.0,21.0
2021-03-05 07:19:13,31.1809396,121.3909993,165.0,3245.0,21.0
2021-03-05 07:19:14,31.1809673,121.3909885,165.0,3248.0,21.0
2021-03-05 07:19:15,31.1809943,121.390978,163.0,3250.0,21.0
2021-03-05 07:19:16,31.1810213,121.3909676,164.0,3253.0,21.0
2021-03-05 07:19:17,31.1810467,121.3909582,164.0,3256.0,21.0
2021-03-05 07:19:18,31.1810721,121.3909488,167.0,3258.0,21.0
2021-03-05 07:19:19,31.1810949,121.3909403,167.0,3261.0,21.0
2021-03-05 07:19:20,31.1811178,121.3909318,167.0,3264.0,21.0
2021-03-05 07:19:21,31.1811391,121.3909235,167.0,3266.0,21.0
2021-03-05 07:19:22,31.1811605,121.3909152,167.0,3268.0,21.0
2021-03-05 07:19:23,31.1811822,121.3909075,168.0,3271.0,21.0
2021-03-05 07:19:24,31.181204,121.3908999,168.0,3274.0,21.0
2021-03-05 07:19:25,31.1812269,121.390891,168.0,3277.0,21.0
2021-03-05 07:19:26,31.1812499,121.3908822,168.0,3280.0,21.0
2021-03-05 07:19:27,31.1812742,121.3908745,167.0,3283.0,21.0
2021-03-05 07:19:28,31.1812986,121.3908668,167.0,3285.0,21.0
2021-03-05 07:19:29,31.1813225,121.3908596,164.0,3287.0,21.0
2021-03-05 07:19:30,31.1813464,121.3908525,164.0,3290.0,21.0
2021-03-05 07:19:31,31.1813687,121.3908444,163.0,3292.0,21.0
2021-03-05 07:19:32,31.1813911,121.3908363,164.0,3296.0,21.0
2021-03-05 07:19:33,31.181414,121.3908288,164.0,3299.0,21.0
2021-03-05 07:19:34,31.1814369,121.3908214,164.0,3302.0,21.0
2021-03-05 07:19:35,31.181464,121.3908139,164.0,3306.0,21.0
2021-03-05 07:19:36,31.1814912,121.3908064,163.0,3310.0,21.0
2021-03-05 07:19:37,31.1815222,121.3908,163.0,3314.0,21.0
2021-03-05 07:19:38,31.1815533,121.3907936,163.0,3317.0,21.0
2021-03-05 07:19:39,31.1815849,121.3907872,163.0,3320.0,21.0
2021-03-05 07:19:40,31.1816165,121.3907809,163.0,3323.0,21.0
2021-03-05 07:19:41,31.1816457,121.3907736,164.0,3326.0,21.0
2021-03-05 07:19:42,31.1816749,121.3907664,164.0,3329.0,21.0
2021-03-05 07:19:43,31.1817014,121.3907604,164.0,3332.0,21.0
2021-03-05 07:19:44,31.1817279,121.3907544,164.0,3336.0,21.0
2021-03-05 07:19:45,31.1817579,121.3907476,164.0,3340.0,21.0
2021-03-05 07:19:46,31.181788,121.3907408,164.0,3344.0,21.0
2021-03-05 07:19:47,31.1818193,121.3907293,165.0,3347.0,21.0
2021-03-05 07:19:48,31.1818507,121.3907178,165.0,3350.0,21.0
2021-03-05 07:19:49,31.1818786,121.3906999,165.0,3354.0,21.0
2021-03-05 07:19:50,31.1819065,121.390682,166.0,3357.0,21.0
2021-03-05 07:19:51,31.1819301,121.3906601,164.0,3360.0,21.0
2021-03-05 07:19:52,31.1819538,121.3906382,165.0,3363.0,21.0
2021-03-05 07:19:53,31.1819758,121.3906171,165.0,3366.0,21.0
2021-03-05 07:19:54,31.1819978,121.390596,165.0,3368.0,21.0
2021-03-05 07:19:55,31.18202,121.3905806,165.0,3371.0,21.0
2021-03-05 07:19:56,31.1820422,121.3905652,164.0,3374.0,21.0
2021-03-05 07:19:57,31.1820643,121.3905564,165.0,3376.0,21.0
2021-03-05 07:19:58,31.1820865,121.3905477,165.0,3378.0,21.0
2021-03-05 07:19:59,31.1821073,121.390545,165.0,3380.0,21.0
2021-03-05 07:20:00,31.1821282,121.3905424,166.0,3381.0,21.0
2021-03-05 07:20:01,31.1821446,121.3905427,165.0,3382.0,21.0
2021-03-05 07:20:02,31.1821611,121.390543,166.0,3384.0,21.0
2021-03-05 07:20:03,31.182173,121.390546,167.0,3385.0,21.0
2021-03-05 07:20:04,31.182185,121.3905491,167.0,3386.0,21.0
2021-03-05 07:20:05,31.1821889,121.3905505,167.0,3386.0,21.0
2021-03-05 07:20:06,31.1821928,121.390552,166.0,3386.0,21.0
2021-03-05 07:20:07,31.1821967,121.3905535,167.0,3386.0,21.0
2021-03-05 07:20:08,31.1822006,121.390555,167.0,3386.0,21.0
2021-03-05 07:20:09,31.1822046,121.3905565,168.0,3386.0,21.0
2021-03-05 07:20:10,31.182213,121.3905605,169.0,3388.0,21.0
2021-03-05 07:20:11,31.1822215,121.3905645,169.0,3391.0,22.0
2021-03-05 07:20:12,31.1822327,121.3905671,169.0,3393.0,22.0
2021-03-05 07:20:13,31.182244,121.3905698,169.0,3395.0,22.0
2021-03-05 07:20:14,31.1822607,121.3905714,169.0,3398.0,22.0
2021-03-05 07:20:15,31.1822775,121.390573,173.0,3402.0,22.0
2021-03-05 07:20:16,31.182302,121.3905759,175.0,3405.0,22.0
2021-03-05 07:20:17,31.1823265,121.3905789,175.0,3408.0,22.0
2021-03-05 07:20:18,31.1823549,121.3905837,175.0,3412.0,22.0
2021-03-05 07:20:19,31.1823833,121.3905885,175.0,3416.0,22.0
2021-03-05 07:20:20,31.1824157,121.390595,175.0,3420.0,22.0
2021-03-05 07:20:21,31.1824481,121.3906015,174.0,3423.0,22.0
2021-03-05 07:20:22,31.1824801,121.3906093,174.0,3426.0,22.0
2021-03-05 07:20:23,31.1825122,121.3906171,174.0,3429.0,22.0
2021-03-05 07:20:24,31.1825409,121.3906317,174.0,3434.0,22.0
2021-03-05 07:20:25,31.1825696,121.3906464,174.0,3440.0,22.0
2021-03-05 07:20:26,31.1825979,121.390677,172.0,3445.0,22.0
2021-03-05 07:20:27,31.1826262,121.3907077,172.0,3450.0,22.0
2021-03-05 07:20:28,31.1826534,121.3907485,171.0,3454.0,22.0
2021-03-05 07:20:29,31.1826806,121.3907893,171.0,3459.0,22.0
2021-03-05 07:20:30,31.1827049,121.3908316,170.0,3463.0,22.0
2021-03-05 07:20:31,31.1827292,121.390874,170.0,3467.0,22.0
2021-03-05 07:20:32,31.1827495,121.3909153,169.0,3472.0,22.0
2021-03-05 07:20:33,31.1827699,121.3909566,168.0,3476.0,22.0
2021-03-05 07:20:34,31.1827882,121.3909952,168.0,3480.0,22.0
2021-03-05 07:20:35,31.1828066,121.3910338,168.0,3484.0,22.0
2021-03-05 07:20:36,31.1828231,121.391072,166.0,3488.0,22.0
2021-03-05 07:20:37,31.1828396,121.3911103,167.0,3493.0,22.0
2021-03-05 07:20:38,31.1828564,121.3911508,167.0,3498.0,22.0
2021-03-05 07:20:39,31.1828732,121.3911914,166.0,3502.0,22.0
2021-03-05 07:20:40,31.1828911,121.3912319,166.0,3505.0,22.0
2021-03-05 07:20:41,31.182909,121.3912724,166.0,3508.0,22.0
2021-03-05 07:20:42,31.182926,121.3913077,166.0,3512.0,22.0
2021-03-05 07:20:43,31.182943,121.3913431,166.0,3515.0,22.0
2021-03-05 07:20:44,31.1829618,121.3913722,166.0,3519.0,22.0
2021-03-05 07:20:45,31.1829807,121.3914014,168.0,3523.0,22.0
2021-03-05 07:20:46,31.1830039,121.3914277,167.0,3526.0,22.0
2021-03-05 07:20:47,31.1830271,121.391454,167.0,3530.0,21.0
2021-03-05 07:20:48,31.1830487,121.3914819,167.0,3533.0,21.0
2021-03-05 07:20:49,31.1830704,121.3915099,167.0,3536.0,21.0
2021-03-05 07:20:50,31.1830894,121.391538,167.0,3539.0,21.0
2021-03-05 07:20:51,31.1831084,121.3915662,166.0,3542.0,21.0
2021-03-05 07:20:52,31.1831261,121.3915919,166.0,3546.0,21.0
2021-03-05 07:20:53,31.1831438,121.3916176,165.0,3549.0,21.0
2021-03-05 07:20:54,31.1831616,121.3916431,165.0,3552.0,21.0
2021-03-05 07:20:55,31.1831794,121.3916687,165.0,3556.0,21.0
2021-03-05 07:20:56,31.1831963,121.3916977,165.0,3560.0,21.0
2021-03-05 07:20:57,31.1832133,121.3917267,165.0,3563.0,21.0
2021-03-05 07:20:58,31.183228,121.3917571,165.0,3566.0,21.0
2021-03-05 07:20:59,31.1832427,121.3917876,165.0,3568.0,21.0
2021-03-05 07:21:00,31.1832511,121.3918188,165.0,3572.0,21.0
2021-03-05 07:21:01,31.1832595,121.39185,165.0,3575.0,21.0
2021-03-05 07:21:02,31.1832633,121.391883,165.0,3579.0,21.0
2021-03-05 07:21:03,31.1832672,121.3919161,165.0,3583.0,21.0
2021-03-05 07:21:04,31.1832699,121.391954,165.0,3587.0,21.0
2021-03-05 07:21:05,31.1832727,121.3919919,165.0,3591.0,21.0
2021-03-05 07:21:06,31.1832774,121.3920319,165.0,3594.0,21.0
2021-03-05 07:21:07,31.1832821,121.3920719,165.0,3598.0,21.0
2021-03-05 07:21:08,31.1832936,121.3921099,165.0,3602.0,21.0
2021-03-05 07:21:09,31.1833051,121.3921479,165.0,3605.0,21.0
2021-03-05 07:21:10,31.1833238,121.3921796,165.0,3608.0,21.0
2021-03-05 07:21:11,31.1833425,121.3922113,165.0,3612.0,21.0
2021-03-05 07:21:12,31.1833643,121.3922375,165.0,3615.0,21.0
2021-03-05 07:21:13,31.1833862,121.3922637,167.0,3618.0,21.0
2021-03-05 07:21:14,31.1834066,121.392289,167.0,3622.0,21.0
2021-03-05 07:21:15,31.183427,121.3923144,167.0,3625.0,21.0
2021-03-05 07:21:16,31.1834418,121.3923426,165.0,3628.0,21.0
2021-03-05 07:21:17,31.1834567,121.3923709,164.0,3631.0,21.0
2021-03-05 07:21:18,31.1834661,121.3924028,164.0,3634.0,21.0
2021-03-05 07:21:19,31.1834755,121.3924347,166.0,3638.0,21.0
2021-03-05 07:21:20,31.1834832,121.3924675,166.0,3641.0,21.0
2021-03-05 07:21:21,31.1834909,121.3925004,165.0,3644.0,21.0
2021-03-05 07:21:22,31.1835009,121.392532,166.0,3647.0,21.0
2021-03-05 07:21:23,31.183511,121.3925637,166.0,3650.0,21.0
2021-03-05 07:21:24,31.1835261,121.3925919,166.0,3654.0,21.0
2021-03-05 07:21:25,31.1835413,121.3926202,166.0,3658.0,21.0
2021-03-05 07:21:26,31.1835656,121.3926463,166.0,3664.0,21.0
2021-03-05 07:21:27,31.18359,121.3926725,166.0,3669.0,21.0
2021-03-05 07:21:28,31.1836238,121.3926977,166.0,3672.0,21.0
2021-03-05 07:21:29,31.1836576,121.3927229,166.0,3676.0,21.0
2021-03-05 07:21:30,31.1836874,121.3927505,166.0,3680.0,21.0
2021-03-05 07:21:31,31.1837173,121.3927781,165.0,3683.0,21.0
2021-03-05 07:21:32,31.1837381,121.3928076,165.0,3686.0,21.0
2021-03-05 07:21:33,31.1837589,121.3928372,165.0,3690.0,21.0
2021-03-05 07:21:34,31.1837719,121.3928688,165.0,3692.0,21.0
2021-03-05 07:21:35,31.1837849,121.3929005,165.0,3695.0,21.0
2021-03-05 07:21:36,31.18379,121.3929323,165.0,3698.0,21.0
2021-03-05 07:21:37,31.1837952,121.3929642,165.0,3702.0,21.0
2021-03-05 07:21:38,31.1837991,121.3929967,165.0,3706.0,21.0
2021-03-05 07:21:39,31.1838031,121.3930292,165.0,3709.0,21.0
2021-03-05 07:21:40,31.1838144,121.3930621,164.0,3713.0,21.0
2021-03-05 07:21:41,31.1838257,121.3930951,164.0,3717.0,21.0
2021-03-05 07:21:42,31.183844,121.3931283,165.0,3720.0,21.0
2021-03-05 07:21:43,31.1838623,121.3931616,165.0,3724.0,21.0
2021-03-05 07:21:44,31.1838818,121.3931939,165.0,3728.0,21.0
2021-03-05 07:21:45,31.1839014,121.3932262,166.0,3731.0,21.0
2021-03-05 07:21:46,31.1839214,121.3932577,168.0,3735.0,21.0
2021-03-05 07:21:47,31.1839414,121.3932892,168.0,3739.0,21.0
2021-03-05 07:21:48,31.1839626,121.3933197,168.0,3742.0,21.0
2021-03-05 07:21:49,31.1839839,121.3933502,168.0,3746.0,21.0
2021-03-05 07:21:50,31.1840047,121.3933805,168.0,3750.0,21.0
2021-03-05 07:21:51,31.1840255,121.3934108,167.0,3753.0,21.0
2021-03-05 07:21:52,31.1840486,121.3934397,168.0,3758.0,21.0
2021-03-05 07:21:53,31.1840718,121.3934686,166.0,3762.0,21.0
2021-03-05 07:21:54,31.1840957,121.3934966,166.0,3765.0,21.0
2021-03-05 07:21:55,31.1841197,121.3935247,166.0,3768.0,21.0
2021-03-05 07:21:56,31.184139,121.3935535,166.0,3772.0,21.0
2021-03-05 07:21:57,31.1841584,121.3935824,165.0,3775.0,21.0
2021-03-05 07:21:58,31.1841719,121.3936139,165.0,3778.0,21.0
2021-03-05 07:21:59,31.1841854,121.3936455,165.0,3781.0,21.0
2021-03-05 07:22:00,31.1841925,121.393678,165.0,3784.0,21.0
2021-03-05 07:22:01,31.1841997,121.3937106,165.0,3787.0,22.0
2021-03-05 07:22:02,31.1842057,121.3937432,165.0,3790.0,22.0
2021-03-05 07:22:03,31.1842118,121.3937759,165.0,3794.0,22.0
2021-03-05 07:22:04,31.1842172,121.3938082,165.0,3798.0,22.0
2021-03-05 07:22:05,31.1842227,121.3938406,165.0,3801.0,22.0
2021-03-05 07:22:06,31.184218,121.3938755,165.0,3804.0,22.0
2021-03-05 07:22:07,31.1842134,121.3939104,165.0,3808.0,22.0
2021-03-05 07:22:08,31.1842107,121.393947,165.0,3812.0,22.0
2021-03-05 07:22:09,31.1842081,121.3939837,165.0,3817.0,22.0
2021-03-05 07:22:10,31.1842239,121.3940168,165.0,3820.0,22.0
2021-03-05 07:22:11,31.1842398,121.39405,165.0,3823.0,22.0
2021-03-05 07:22:12,31.1842636,121.3940754,165.0,3826.0,21.0
2021-03-05 07:22:13,31.1842875,121.3941008,167.0,3828.0,21.0
2021-03-05 07:22:14,31.1843107,121.3941208,167.0,3831.0,21.0
2021-03-05 07:22:15,31.184334,121.3941408,167.0,3834.0,21.0
2021-03-05 07:22:16,31.1843556,121.3941606,166.0,3838.0,21.0
2021-03-05 07:22:17,31.1843772,121.3941804,166.0,3841.0,21.0
2021-03-05 07:22:18,31.1843979,121.3942056,166.0,3846.0,21.0
2021-03-05 07:22:19,31.1844187,121.3942309,166.0,3850.0,21.0
2021-03-05 07:22:20,31.1844367,121.3942643,166.0,3854.0,21.0
2021-03-05 07:22:21,31.1844547,121.3942977,165.0,3857.0,22.0
2021-03-05 07:22:22,31.1844703,121.3943337,166.0,3861.0,21.0
2021-03-05 07:22:23,31.184486,121.3943697,166.0,3865.0,21.0
2021-03-05 07:22:24,31.1844991,121.3944077,165.0,3868.0,21.0
2021-03-05 07:22:25,31.1845122,121.3944457,165.0,3870.0,21.0
2021-03-05 07:22:26,31.1845206,121.3944768,165.0,3872.0,21.0
2021-03-05 07:22:27,31.1845291,121.394508,165.0,3874.0,21.0
2021-03-05 07:22:28,31.1845314,121.394532,165.0,3876.0,21.0
2021-03-05 07:22:29,31.1845338,121.3945561,164.0,3878.0,21.0
2021-03-05 07:22:30,31.184535,121.3945787,164.0,3882.0,21.0
2021-03-05 07:22:31,31.1845363,121.3946014,163.0,3885.0,21.0
2021-03-05 07:22:32,31.1845421,121.3946289,163.0,3888.0,21.0
2021-03-05 07:22:33,31.1845479,121.3946564,163.0,3891.0,21.0
2021-03-05 07:22:34,31.1845576,121.3946849,163.0,3894.0,21.0
2021-03-05 07:22:35,31.1845673,121.3947135,163.0,3897.0,21.0
2021-03-05 07:22:36,31.1845802,121.3947432,163.0,3901.0,21.0
2021-03-05 07:22:37,31.1845932,121.3947729,163.0,3905.0,21.0
2021-03-05 07:22:38,31.1846115,121.3948019,163.0,3908.0,21.0
2021-03-05 07:22:39,31.1846298,121.394831,163.0,3911.0,21.0
2021-03-05 07:22:40,31.1846489,121.3948584,163.0,3915.0,21.0
2021-03-05 07:22:41,31.184668,121.3948859,162.0,3919.0,21.0
2021-03-05 07:22:42,31.184689,121.3949161,163.0,3924.0,21.0
2021-03-05 07:22:43,31.18471,121.3949464,163.0,3928.0,21.0
2021-03-05 07:22:44,31.1847348,121.3949783,163.0,3932.0,21.0
2021-03-05 07:22:45,31.1847596,121.3950103,163.0,3935.0,21.0
2021-03-05 07:22:46,31.1847801,121.3950451,163.0,3938.0,21.0
2021-03-05 07:22:47,31.1848007,121.39508,163.0,3942.0,21.0
2021-03-05 07:22:48,31.1848139,121.3951152,163.0,3945.0,21.0
2021-03-05 07:22:49,31.1848271,121.3951505,163.0,3948.0,21.0
2021-03-05 07:22:50,31.1848374,121.3951827,163.0,3952.0,21.0
2021-03-05 07:22:51,31.1848477,121.395215,162.0,3955.0,22.0
2021-03-05 07:22:52,31.1848573,121.3952502,163.0,3960.0,22.0
2021-03-05 07:22:53,31.184867,121.3952854,163.0,3965.0,22.0
2021-03-05 07:22:54,31.1848716,121.3953291,163.0,3970.0,22.0
2021-03-05 07:22:55,31.1848762,121.3953728,163.0,3974.0,22.0
2021-03-05 07:22:56,31.1848774,121.3954191,162.0,3977.0,22.0
2021-03-05 07:22:57,31.1848786,121.3954655,163.0,3980.0,22.0
2021-03-05 07:22:58,31.1848806,121.3955062,163.0,3984.0,22.0
2021-03-05 07:22:59,31.1848827,121.395547,163.0,3987.0,22.0
2021-03-05 07:23:00,31.1848872,121.395582,163.0,3990.0,22.0
2021-03-05 07:23:01,31.1848918,121.3956171,162.0,3993.0,23.0
2021-03-05 07:23:02,31.1849007,121.3956483,163.0,3996.0,23.0
2021-03-05 07:23:03,31.1849097,121.3956795,163.0,4000.0,23.0
2021-03-05 07:23:04,31.1849254,121.3957083,163.0,4004.0,23.0
2021-03-05 07:23:05,31.1849412,121.3957372,164.0,4008.0,23.0
2021-03-05 07:23:06,31.1849603,121.395767,164.0,4011.0,23.0
2021-03-05 07:23:07,31.1849795,121.3957968,163.0,4014.0,23.0
2021-03-05 07:23:08,31.184995,121.3958282,163.0,4018.0,23.0
2021-03-05 07:23:09,31.1850106,121.3958597,163.0,4021.0,23.0
2021-03-05 07:23:10,31.1850224,121.3958935,163.0,4024.0,23.0
2021-03-05 07:23:11,31.1850343,121.3959274,162.0,4027.0,23.0
2021-03-05 07:23:12,31.1850441,121.3959575,163.0,4030.0,23.0
2021-03-05 07:23:13,31.185054,121.3959876,162.0,4033.0,23.0
2021-03-05 07:23:14,31.1850687,121.3960144,162.0,4036.0,23.0
2021-03-05 07:23:15,31.1850835,121.3960413,163.0,4040.0,23.0
2021-03-05 07:23:16,31.1851027,121.3960679,162.0,4044.0,23.0
2021-03-05 07:23:17,31.185122,121.3960945,162.0,4047.0,23.0
2021-03-05 07:23:18,31.1851415,121.3961237,162.0,4051.0,23.0
2021-03-05 07:23:19,31.185161,121.396153,162.0,4055.0,23.0
2021-03-05 07:23:20,31.1851792,121.396185,162.0,4058.0,23.0
2021-03-05 07:23:21,31.1851975,121.3962171,162.0,4062.0,23.0
2021-03-05 07:23:22,31.1852151,121.3962484,162.0,4065.0,23.0
2021-03-05 07:23:23,31.1852328,121.3962797,162.0,4068.0,23.0
2021-03-05 07:23:24,31.1852504,121.3963092,162.0,4072.0,23.0
2021-03-05 07:23:25,31.185268,121.3963387,162.0,4075.0,23.0
2021-03-05 07:23:26,31.1852841,121.3963683,162.0,4078.0,23.0
2021-03-05 07:23:27,31.1853002,121.3963979,162.0,4082.0,22.0
2021-03-05 07:23:28,31.1853133,121.3964299,162.0,4085.0,22.0
2021-03-05 07:23:29,31.1853264,121.3964619,162.0,4088.0,22.0
2021-03-05 07:23:30,31.185338,121.3964929,162.0,4091.0,22.0
2021-03-05 07:23:31,31.1853496,121.3965239,161.0,4094.0,22.0
2021-03-05 07:23:32,31.1853621,121.3965526,162.0,4097.0,22.0
2021-03-05 07:23:33,31.1853746,121.3965814,162.0,4100.0,22.0
2021-03-05 07:23:34,31.1853877,121.3966085,162.0,4102.0,22.0
2021-03-05 07:23:35,31.1854008,121.3966357,161.0,4105.0,22.0
2021-03-05 07:23:36,31.1854109,121.3966618,162.0,4108.0,22.0
2021-03-05 07:23:37,31.1854211,121.3966879,162.0,4111.0,22.0
2021-03-05 07:23:38,31.1854292,121.396715,162.0,4114.0,22.0
2021-03-05 07:23:39,31.1854373,121.3967421,162.0,4117.0,22.0
2021-03-05 07:23:40,31.1854469,121.3967713,164.0,4120.0,22.0
2021-03-05 07:23:41,31.1854565,121.3968005,166.0,4123.0,22.0
2021-03-05 07:23:42,31.185468,121.396831,167.0,4127.0,21.0
2021-03-05 07:23:43,31.1854796,121.3968616,167.0,4131.0,21.0
2021-03-05 07:23:44,31.1854933,121.396894,167.0,4134.0,21.0
2021-03-05 07:23:45,31.1855071,121.3969264,167.0,4138.0,21.0
2021-03-05 07:23:46,31.1855237,121.3969569,167.0,4142.0,21.0
2021-03-05 07:23:47,31.1855403,121.3969874,167.0,4145.0,21.0
2021-03-05 07:23:48,31.1855612,121.3970151,167.0,4148.0,21.0
2021-03-05 07:23:49,31.1855822,121.3970428,167.0,4152.0,21.0
2021-03-05 07:23:50,31.1856015,121.3970729,167.0,4156.0,21.0
2021-03-05 07:23:51,31.1856209,121.397103,166.0,4159.0,21.0
2021-03-05 07:23:52,31.1856378,121.3971344,167.0,4162.0,21.0
2021-03-05 07:23:53,31.1856547,121.3971658,167.0,4165.0,21.0
2021-03-05 07:23:54,31.1856693,121.3971945,166.0,4168.0,21.0
2021-03-05 07:23:55,31.1856839,121.3972232,166.0,4171.0,21.0
2021-03-05 07:23:56,31.1856993,121.3972509,166.0,4175.0,21.0
2021-03-05 07:23:57,31.1857148,121.3972786,166.0,4179.0,21.0
2021-03-05 07:23:58,31.1857332,121.397308,166.0,4182.0,21.0
2021-03-05 07:23:59,31.1857517,121.3973375,166.0,4185.0,21.0
2021-03-05 07:24:00,31.1857705,121.397365,165.0,4188.0,21.0
2021-03-05 07:24:01,31.1857894,121.3973926,164.0,4190.0,21.0
2021-03-05 07:24:02,31.1858046,121.3974171,165.0,4193.0,21.0
2021-03-05 07:24:03,31.1858199,121.3974417,165.0,4196.0,21.0
2021-03-05 07:24:04,31.1858335,121.397467,165.0,4199.0,21.0
2021-03-05 07:24:05,31.1858471,121.3974923,166.0,4202.0,21.0
2021-03-05 07:24:06,31.1858616,121.3975187,166.0,4206.0,21.0
2021-03-05 07:24:07,31.1858762,121.3975451,166.0,4209.0,21.0
2021-03-05 07:24:08,31.1858919,121.3975721,165.0,4212.0,21.0
2021-03-05 07:24:09,31.1859077,121.3975992,165.0,4215.0,21.0
2021-03-05 07:24:10,31.1859235,121.3976259,165.0,4218.0,21.0
2021-03-05 07:24:11,31.1859394,121.3976527,164.0,4221.0,22.0
2021-03-05 07:24:12,31.1859559,121.3976807,165.0,4224.0,22.0
2021-03-05 07:24:13,31.1859724,121.3977087,165.0,4227.0,22.0
2021-03-05 07:24:14,31.1859895,121.3977359,165.0,4230.0,22.0
2021-03-05 07:24:15,31.1860066,121.3977632,165.0,4234.0,22.0
2021-03-05 07:24:16,31.1860234,121.3977906,165.0,4238.0,22.0
2021-03-05 07:24:17,31.1860403,121.3978181,165.0,4241.0,22.0
2021-03-05 07:24:18,31.1860581,121.397845,165.0,4244.0,22.0
2021-03-05 07:24:19,31.186076,121.397872,165.0,4247.0,22.0
2021-03-05 07:24:20,31.1860931,121.3979001,165.0,4250.0,22.0
2021-03-05 07:24:21,31.1861102,121.3979283,165.0,4254.0,22.0
2021-03-05 07:24:22,31.186125,121.3979596,167.0,4258.0,22.0
2021-03-05 07:24:23,31.1861398,121.3979909,167.0,4261.0,22.0
2021-03-05 07:24:24,31.1861538,121.3980218,167.0,4264.0,22.0
2021-03-05 07:24:25,31.1861679,121.3980528,167.0,4267.0,22.0
2021-03-05 07:24:26,31.1861841,121.3980804,165.0,4270.0,22.0
2021-03-05 07:24:27,31.1862004,121.3981081,165.0,4274.0,22.0
2021-03-05 07:24:28,31.1862149,121.398139,165.0,4278.0,22.0
2021-03-05 07:24:29,31.1862295,121.39817,165.0,4282.0,22.0
2021-03-05 07:24:30,31.1862379,121.3982084,165.0,4286.0,22.0
2021-03-05 07:24:31,31.1862464,121.3982469,165.0,4290.0,22.0
2021-03-05 07:24:32,31.1862481,121.3982887,165.0,4294.0,22.0
2021-03-05 07:24:33,31.1862499,121.3983305,165.0,4298.0,22.0
2021-03-05 07:24:34,31.1862465,121.3983719,165.0,4302.0,22.0
2021-03-05 07:24:35,31.1862431,121.3984134,165.0,4305.0,22.0
2021-03-05 07:24:36,31.186237,121.3984519,164.0,4308.0,22.0
2021-03-05 07:24:37,31.1862309,121.3984905,166.0,4311.0,22.0
2021-03-05 07:24:38,31.1862271,121.3985246,166.0,4314.0,22.0
2021-03-05 07:24:39,31.1862233,121.3985588,166.0,4316.0,22.0
2021-03-05 07:24:40,31.1862228,121.3985888,166.0,4318.0,22.0
2021-03-05 07:24:41,31.1862224,121.3986189,166.0,4321.0,22.0
2021-03-05 07:24:42,31.1862244,121.3986448,167.0,4324.0,21.0
2021-03-05 07:24:43,31.1862265,121.3986707,167.0,4326.0,21.0
2021-03-05 07:24:44,31.1862303,121.3986964,165.0,4328.0,21.0
2021-03-05 07:24:45,31.1862342,121.3987222,165.0,4331.0,21.0
2021-03-05 07:24:46,31.1862399,121.3987467,165.0,4334.0,21.0
2021-03-05 07:24:47,31.1862456,121.3987713,165.0,4336.0,21.0
2021-03-05 07:24:48,31.186256,121.398795,165.0,4339.0,21.0
2021-03-05 07:24:49,31.1862665,121.3988188,165.0,4342.0,21.0
2021-03-05 07:24:50,31.1862798,121.3988418,166.0,4344.0,21.0
2021-03-05 07:24:51,31.1862932,121.3988648,165.0,4346.0,21.0
2021-03-05 07:24:52,31.1863057,121.3988859,166.0,4348.0,21.0
2021-03-05 07:24:53,31.1863182,121.398907,165.0,4350.0,21.0
2021-03-05 07:24:54,31.1863293,121.3989266,164.0,4352.0,21.0
2021-03-05 07:24:55,31.1863404,121.3989462,163.0,4355.0,21.0
2021-03-05 07:24:56,31.186351,121.3989648,163.0,4357.0,21.0
2021-03-05 07:24:57,31.1863616,121.3989835,163.0,4359.0,21.0
2021-03-05 07:24:58,31.1863723,121.3990022,163.0,4360.0,21.0
2021-03-05 07:24:59,31.1863791,121.3990197,163.0,4362.0,21.0
2021-03-05 07:25:00,31.186386,121.3990373,162.0,4364.0,21.0
2021-03-05 07:25:01,31.1863886,121.3990548,162.0,4365.0,21.0
2021-03-05 07:25:02,31.1863913,121.3990724,162.0,4367.0,21.0
2021-03-05 07:25:03,31.1863913,121.3990897,162.0,4369.0,21.0
2021-03-05 07:25:04,31.1863914,121.399107,162.0,4370.0,21.0
2021-03-05 07:25:05,31.1863909,121.3991242,161.0,4372.0,21.0
2021-03-05 07:25:06,31.1863904,121.3991414,161.0,4373.0,21.0
2021-03-05 07:25:07,31.1863915,121.3991566,161.0,4374.0,21.0
2021-03-05 07:25:08,31.1863926,121.3991718,161.0,4376.0,21.0
2021-03-05 07:25:09,31.1863964,121.3991871,161.0,4378.0,21.0
2021-03-05 07:25:10,31.1864003,121.3992024,161.0,4380.0,21.0
2021-03-05 07:25:11,31.1864044,121.3992212,160.0,4383.0,21.0
2021-03-05 07:25:12,31.1864086,121.3992401,161.0,4386.0,21.0
2021-03-05 07:25:13,31.1864101,121.3992634,160.0,4388.0,21.0
2021-03-05 07:25:14,31.1864117,121.3992868,160.0,4390.0,21.0
2021-03-05 07:25:15,31.1864172,121.3993306,160.0,4393.0,21.0
2021-03-05 07:25:16,31.1864227,121.3993744,160.0,4393.0,21.0
2021-03-05 07:25:17,31.1864283,121.3994183,160.0,4393.0,21.0
2021-03-05 07:25:25,31.1864483,121.3994933,160.0,4396.0,22.0
2021-03-05 07:25:26,31.1864461,121.3995088,158.0,4396.0,22.0
2021-03-05 07:25:27,31.186444,121.3995243,159.0,4402.0,22.0
2021-03-05 07:25:28,31.1864368,121.3995475,158.0,4408.0,22.0
2021-03-05 07:25:29,31.1864296,121.3995707,157.0,4410.0,22.0
2021-03-05 07:25:30,31.1864195,121.399596,156.0,4413.0,22.0
2021-03-05 07:25:31,31.1864095,121.3996214,156.0,4416.0,22.0
2021-03-05 07:25:32,31.1863975,121.3996443,156.0,4418.0,22.0
2021-03-05 07:25:33,31.1863855,121.3996672,156.0,4418.0,22.0
2021-03-05 07:25:34,31.1863619,121.3997027,156.0,4418.0,22.0
2021-03-05 07:26:02,31.1862667,121.3998467,162.0,4423.0,21.0
2021-03-05 07:26:03,31.1862705,121.3998558,162.0,4423.0,21.0
2021-03-05 07:26:04,31.1862743,121.3998649,162.0,4423.0,21.0
2021-03-05 07:26:05,31.1862786,121.3998787,162.0,4428.0,21.0
2021-03-05 07:26:06,31.186283,121.3998926,161.0,4432.0,21.0
2021-03-05 07:26:07,31.1862893,121.3999114,162.0,4435.0,21.0
2021-03-05 07:26:08,31.1862957,121.3999303,162.0,4438.0,21.0
2021-03-05 07:26:09,31.1863049,121.3999541,162.0,4441.0,21.0
2021-03-05 07:26:10,31.1863142,121.399978,162.0,4444.0,21.0
2021-03-05 07:26:11,31.1863255,121.4000052,161.0,4448.0,21.0
2021-03-05 07:26:12,31.1863369,121.4000324,162.0,4452.0,21.0
2021-03-05 07:26:13,31.1863479,121.4000638,162.0,4456.0,21.0
2021-03-05 07:26:14,31.1863589,121.4000952,163.0,4459.0,21.0
2021-03-05 07:26:15,31.1863667,121.4001294,163.0,4461.0,21.0
2021-03-05 07:26:16,31.1863745,121.4001637,163.0,4463.0,21.0
2021-03-05 07:26:17,31.1863826,121.4001943,163.0,4466.0,21.0
2021-03-05 07:26:18,31.1863907,121.4002249,163.0,4470.0,21.0
2021-03-05 07:26:19,31.1864055,121.4002526,163.0,4473.0,21.0
2021-03-05 07:26:20,31.1864203,121.4002804,164.0,4476.0,21.0
2021-03-05 07:26:21,31.1864355,121.4003064,164.0,4478.0,21.0
2021-03-05 07:26:22,31.1864508,121.4003325,164.0,4480.0,21.0
2021-03-05 07:26:23,31.186462,121.4003565,164.0,4482.0,21.0
2021-03-05 07:26:24,31.1864733,121.4003805,163.0,4485.0,21.0
2021-03-05 07:26:25,31.1864806,121.400404,163.0,4488.0,21.0
2021-03-05 07:26:26,31.1864879,121.4004275,162.0,4490.0,21.0
2021-03-05 07:26:27,31.1864948,121.4004512,163.0,4492.0,21.0
2021-03-05 07:26:28,31.1865017,121.4004749,163.0,4495.0,21.0
2021-03-05 07:26:29,31.1865094,121.4005,163.0,4498.0,21.0
2021-03-05 07:26:30,31.1865172,121.4005252,163.0,4501.0,21.0
2021-03-05 07:26:31,31.1865243,121.4005514,163.0,4504.0,21.0
2021-03-05 07:26:32,31.1865315,121.4005777,163.0,4506.0,21.0
2021-03-05 07:26:33,31.1865378,121.4006034,163.0,4508.0,21.0
2021-03-05 07:26:34,31.1865442,121.4006292,163.0,4511.0,21.0
2021-03-05 07:26:35,31.1865501,121.400655,164.0,4514.0,21.0
2021-03-05 07:26:36,31.1865561,121.4006808,164.0,4516.0,21.0
2021-03-05 07:26:37,31.1865606,121.4007074,164.0,4518.0,21.0
2021-03-05 07:26:38,31.1865651,121.4007341,166.0,4521.0,21.0
2021-03-05 07:26:39,31.1865685,121.4007608,166.0,4524.0,21.0
2021-03-05 07:26:40,31.186572,121.4007876,166.0,4526.0,21.0
2021-03-05 07:26:41,31.1865763,121.4008145,165.0,4529.0,21.0
2021-03-05 07:26:42,31.1865807,121.4008415,165.0,4532.0,21.0
2021-03-05 07:26:43,31.1865867,121.4008688,165.0,4535.0,21.0
2021-03-05 07:26:44,31.1865927,121.4008962,164.0,4538.0,21.0
2021-03-05 07:26:45,31.1865999,121.4009256,165.0,4541.0,21.0
2021-03-05 07:26:46,31.1866071,121.400955,165.0,4544.0,21.0
2021-03-05 07:26:47,31.1866134,121.4009852,165.0,4546.0,21.0
2021-03-05 07:26:48,31.1866197,121.4010154,165.0,4549.0,21.0
2021-03-05 07:26:49,31.1866269,121.4010445,165.0,4553.0,22.0
2021-03-05 07:26:50,31.1866341,121.4010736,167.0,4557.0,21.0
2021-03-05 07:26:51,31.1866458,121.401106,167.0,4562.0,21.0
2021-03-05 07:26:52,31.1866576,121.4011385,168.0,4566.0,21.0
2021-03-05 07:26:53,31.1866756,121.4011744,166.0,4569.0,21.0
2021-03-05 07:26:54,31.1866936,121.4012103,168.0,4572.0,21.0
2021-03-05 07:26:55,31.1867058,121.4012465,168.0,4576.0,21.0
2021-03-05 07:26:56,31.1867181,121.4012827,168.0,4579.0,21.0
2021-03-05 07:26:57,31.1867272,121.4013181,168.0,4582.0,21.0
2021-03-05 07:26:58,31.1867364,121.4013536,168.0,4585.0,21.0
2021-03-05 07:26:59,31.1867446,121.4013859,168.0,4588.0,21.0
2021-03-05 07:27:00,31.1867528,121.4014183,166.0,4590.0,21.0
2021-03-05 07:27:01,31.1867586,121.4014473,167.0,4593.0,21.0
2021-03-05 07:27:02,31.1867645,121.4014763,168.0,4596.0,21.0
2021-03-05 07:27:03,31.1867676,121.4015047,168.0,4599.0,21.0
2021-03-05 07:27:04,31.1867708,121.4015331,168.0,4602.0,21.0
2021-03-05 07:27:05,31.1867739,121.4015617,168.0,4604.0,21.0
2021-03-05 07:27:06,31.1867771,121.4015903,167.0,4607.0,21.0
2021-03-05 07:27:07,31.1867817,121.4016186,166.0,4610.0,21.0
2021-03-05 07:27:08,31.1867864,121.401647,166.0,4612.0,21.0
2021-03-05 07:27:09,31.1867903,121.4016747,166.0,4614.0,21.0
2021-03-05 07:27:10,31.1867942,121.4017025,166.0,4617.0,21.0
2021-03-05 07:27:11,31.1867976,121.4017285,166.0,4620.0,21.0
2021-03-05 07:27:12,31.1868011,121.4017545,167.0,4623.0,21.0
2021-03-05 07:27:13,31.1868077,121.4017811,167.0,4626.0,21.0
2021-03-05 07:27:14,31.1868143,121.4018077,167.0,4629.0,21.0
2021-03-05 07:27:15,31.1868228,121.4018383,167.0,4633.0,21.0
2021-03-05 07:27:16,31.1868314,121.401869,166.0,4637.0,21.0
2021-03-05 07:27:17,31.1868394,121.4019032,167.0,4640.0,21.0
2021-03-05 07:27:18,31.1868475,121.4019374,167.0,4642.0,21.0
2021-03-05 07:27:19,31.1868554,121.4019682,168.0,4644.0,21.0
2021-03-05 07:27:20,31.1868633,121.401999,168.0,4647.0,21.0
2021-03-05 07:27:21,31.1868716,121.4020275,167.0,4650.0,21.0
2021-03-05 07:27:22,31.1868799,121.4020561,167.0,4654.0,21.0
2021-03-05 07:27:23,31.1868893,121.4020862,166.0,4658.0,21.0
2021-03-05 07:27:24,31.1868988,121.4021163,166.0,4661.0,21.0
2021-03-05 07:27:25,31.1869079,121.4021496,165.0,4665.0,21.0
2021-03-05 07:27:26,31.186917,121.402183,164.0,4669.0,21.0
2021-03-05 07:27:27,31.1869242,121.4022202,163.0,4672.0,21.0
2021-03-05 07:27:28,31.1869314,121.4022575,163.0,4675.0,21.0
2021-03-05 07:27:29,31.1869365,121.4022926,163.0,4678.0,21.0
2021-03-05 07:27:30,31.1869416,121.4023277,163.0,4680.0,21.0
2021-03-05 07:27:31,31.1869462,121.4023573,162.0,4682.0,21.0
2021-03-05 07:27:32,31.1869509,121.402387,163.0,4684.0,21.0
2021-03-05 07:27:33,31.1869578,121.402412,163.0,4686.0,21.0
2021-03-05 07:27:34,31.1869648,121.402437,163.0,4689.0,21.0
2021-03-05 07:27:35,31.186974,121.4024595,163.0,4692.0,21.0
2021-03-05 07:27:36,31.1869832,121.402482,162.0,4695.0,21.0
2021-03-05 07:27:37,31.1869916,121.4025072,162.0,4698.0,21.0
2021-03-05 07:27:38,31.187,121.4025325,162.0,4702.0,21.0
2021-03-05 07:27:39,31.1870048,121.4025639,162.0,4705.0,21.0
2021-03-05 07:27:40,31.1870096,121.4025953,162.0,4708.0,21.0
2021-03-05 07:27:41,31.1870121,121.4026285,162.0,4711.0,21.0
2021-03-05 07:27:42,31.1870146,121.4026618,162.0,4714.0,21.0
2021-03-05 07:27:43,31.1870173,121.4026941,162.0,4718.0,21.0
2021-03-05 07:27:44,31.18702,121.4027264,162.0,4721.0,21.0
2021-03-05 07:27:45,31.1870212,121.4027597,162.0,4724.0,21.0
2021-03-05 07:27:46,31.1870224,121.4027931,162.0,4727.0,21.0
2021-03-05 07:27:47,31.1870211,121.4028254,162.0,4730.0,21.0
2021-03-05 07:27:48,31.1870199,121.4028577,162.0,4732.0,21.0
2021-03-05 07:27:49,31.1870164,121.4028868,162.0,4734.0,21.0
2021-03-05 07:27:50,31.187013,121.4029159,161.0,4737.0,21.0
2021-03-05 07:27:51,31.1869998,121.4029596,160.0,4738.0,21.0
2021-03-05 07:30:52,31.1869867,121.4030033,160.0,4739.0,21.0
