2021-03-01 09:21:55,41.9904816,124.496935,0.0,0.0,168.0
2021-03-01 09:21:56,41.9904777,124.4969367,0.0,0.0,168.0
2021-03-01 09:21:57,41.9904738,124.4969385,0.0,0.0,168.0
2021-03-01 09:21:58,41.9904694,124.4969459,0.0,3.0,168.0
2021-03-01 09:21:59,41.990465,124.4969534,0.0,6.0,168.0
2021-03-01 09:22:00,41.990455,124.4969599,0.0,8.0,168.0
2021-03-01 09:22:01,41.9904451,124.4969665,0.0,9.0,168.0
2021-03-01 09:22:02,41.9904305,124.4969671,0.0,12.0,168.0
2021-03-01 09:22:03,41.9904159,124.4969677,0.0,14.0,168.0
2021-03-01 09:22:04,41.9903981,124.4969646,0.0,16.0,168.0
2021-03-01 09:22:05,41.9903803,124.4969615,0.0,18.0,168.0
2021-03-01 09:22:06,41.9903626,124.4969545,0.0,20.0,168.0
2021-03-01 09:22:07,41.990345,124.4969476,96.0,23.0,168.0
2021-03-01 09:22:08,41.9903273,124.4969346,96.0,25.0,168.0
2021-03-01 09:22:09,41.9903096,124.4969217,96.0,27.0,168.0
2021-03-01 09:22:10,41.9902918,124.4969073,93.0,29.0,168.0
2021-03-01 09:22:11,41.9902741,124.496893,93.0,31.0,168.0
2021-03-01 09:22:12,41.9902558,124.4968829,93.0,34.0,168.0
2021-03-01 09:22:13,41.9902376,124.4968728,93.0,36.0,169.0
2021-03-01 09:22:14,41.9902184,124.4968652,94.0,38.0,168.0
2021-03-01 09:22:15,41.9901993,124.4968576,94.0,41.0,168.0
2021-03-01 09:22:16,41.9901773,124.4968475,94.0,44.0,168.0
2021-03-01 09:22:17,41.9901553,124.4968374,94.0,47.0,168.0
2021-03-01 09:22:18,41.9901309,124.4968269,94.0,50.0,168.0
2021-03-01 09:22:19,41.9901066,124.4968165,94.0,53.0,168.0
2021-03-01 09:22:20,41.9900823,124.4968074,97.0,56.0,168.0
2021-03-01 09:22:21,41.990058,124.4967983,97.0,58.0,168.0
2021-03-01 09:22:22,41.9900356,124.4967886,99.0,60.0,168.0
2021-03-01 09:22:23,41.9900132,124.496779,101.0,62.0,169.0
2021-03-01 09:22:24,41.989995,124.4967658,102.0,64.0,169.0
2021-03-01 09:22:25,41.9899769,124.4967527,102.0,66.0,169.0
2021-03-01 09:22:26,41.9899599,124.4967398,103.0,68.0,169.0
2021-03-01 09:22:27,41.9899429,124.4967269,103.0,71.0,169.0
2021-03-01 09:22:28,41.989924,124.4967175,106.0,74.0,169.0
2021-03-01 09:22:29,41.9899051,124.4967082,106.0,76.0,169.0
2021-03-01 09:22:30,41.989883,124.496701,106.0,79.0,169.0
2021-03-01 09:22:31,41.989861,124.4966939,106.0,82.0,169.0
2021-03-01 09:22:32,41.9898371,124.4966852,105.0,84.0,169.0
2021-03-01 09:22:33,41.9898132,124.4966766,105.0,87.0,169.0
2021-03-01 09:22:34,41.98979,124.4966674,105.0,90.0,169.0
2021-03-01 09:22:35,41.9897668,124.4966582,101.0,92.0,169.0
2021-03-01 09:22:36,41.9897453,124.4966505,97.0,94.0,169.0
2021-03-01 09:22:37,41.9897238,124.4966428,97.0,96.0,169.0
2021-03-01 09:22:38,41.989704,124.4966361,93.0,98.0,169.0
2021-03-01 09:22:39,41.9896842,124.4966295,89.0,101.0,169.0
2021-03-01 09:22:40,41.989664,124.4966203,85.0,104.0,169.0
2021-03-01 09:22:41,41.9896439,124.4966112,85.0,107.0,169.0
2021-03-01 09:22:42,41.9896229,124.4965984,85.0,109.0,169.0
2021-03-01 09:22:43,41.989602,124.4965856,85.0,111.0,169.0
2021-03-01 09:22:44,41.9895815,124.4965746,85.0,114.0,169.0
2021-03-01 09:22:45,41.9895611,124.4965637,85.0,116.0,169.0
2021-03-01 09:22:46,41.9895401,124.4965564,86.0,118.0,169.0
2021-03-01 09:22:47,41.9895191,124.4965492,87.0,121.0,169.0
2021-03-01 09:22:48,41.9894979,124.4965421,87.0,123.0,169.0
2021-03-01 09:22:49,41.9894767,124.496535,87.0,125.0,168.0
2021-03-01 09:22:50,41.9894569,124.4965289,89.0,127.0,168.0
2021-03-01 09:22:51,41.9894371,124.4965229,89.0,129.0,168.0
2021-03-01 09:22:52,41.9894187,124.4965165,91.0,131.0,168.0
2021-03-01 09:22:53,41.9894004,124.4965101,91.0,133.0,168.0
2021-03-01 09:22:54,41.9893822,124.4965034,92.0,136.0,168.0
2021-03-01 09:22:55,41.989364,124.4964968,92.0,138.0,168.0
2021-03-01 09:22:56,41.9893454,124.4964886,92.0,140.0,168.0
2021-03-01 09:22:57,41.9893269,124.4964805,94.0,142.0,168.0
2021-03-01 09:22:58,41.9893084,124.4964722,93.0,144.0,169.0
2021-03-01 09:22:59,41.98929,124.496464,94.0,147.0,169.0
2021-03-01 09:23:00,41.9892709,124.4964593,95.0,148.0,169.0
2021-03-01 09:23:01,41.9892519,124.4964546,95.0,149.0,169.0
2021-03-01 09:23:02,41.989244,124.4964531,96.0,152.0,169.0
2021-03-01 09:23:03,41.9892361,124.4964516,96.0,154.0,169.0
2021-03-01 09:23:04,41.9892282,124.4964502,97.0,156.0,168.0
2021-03-01 09:23:05,41.9892073,124.4964468,98.0,159.0,168.0
2021-03-01 09:23:06,41.9891864,124.4964435,98.0,162.0,168.0
2021-03-01 09:23:07,41.989165,124.4964395,98.0,164.0,168.0
2021-03-01 09:23:08,41.9891436,124.4964355,97.0,166.0,168.0
2021-03-01 09:23:09,41.989121,124.4964303,99.0,169.0,168.0
2021-03-01 09:23:10,41.9890985,124.4964251,98.0,172.0,168.0
2021-03-01 09:23:11,41.989076,124.4964175,97.0,175.0,168.0
2021-03-01 09:23:12,41.9890535,124.4964099,98.0,177.0,168.0
2021-03-01 09:23:13,41.989031,124.4963996,98.0,179.0,169.0
2021-03-01 09:23:14,41.9890085,124.4963893,99.0,181.0,169.0
2021-03-01 09:23:15,41.9889886,124.49638,100.0,183.0,169.0
2021-03-01 09:23:16,41.9889687,124.4963707,100.0,186.0,169.0
2021-03-01 09:23:17,41.9889501,124.4963657,100.0,188.0,169.0
2021-03-01 09:23:18,41.9889315,124.4963607,100.0,190.0,169.0
2021-03-01 09:23:19,41.9889114,124.4963607,100.0,192.0,169.0
2021-03-01 09:23:20,41.9888913,124.4963608,100.0,194.0,169.0
2021-03-01 09:23:21,41.9888743,124.4963697,101.0,196.0,169.0
2021-03-01 09:23:22,41.9888574,124.4963787,103.0,198.0,169.0
2021-03-01 09:23:23,41.9888442,124.4963957,103.0,200.0,169.0
2021-03-01 09:23:24,41.988831,124.4964128,103.0,202.0,169.0
2021-03-01 09:23:25,41.9888214,124.496435,103.0,205.0,169.0
2021-03-01 09:23:26,41.9888118,124.4964573,103.0,208.0,169.0
2021-03-01 09:23:27,41.9888062,124.4964825,103.0,210.0,169.0
2021-03-01 09:23:28,41.9888006,124.4965078,103.0,212.0,169.0
2021-03-01 09:23:29,41.9887947,124.4965356,103.0,215.0,169.0
2021-03-01 09:23:30,41.9887888,124.4965634,103.0,217.0,169.0
2021-03-01 09:23:31,41.9887811,124.4965923,103.0,219.0,169.0
2021-03-01 09:23:32,41.9887735,124.4966212,103.0,221.0,169.0
2021-03-01 09:23:33,41.9887663,124.4966479,103.0,223.0,169.0
2021-03-01 09:23:34,41.9887592,124.4966746,103.0,226.0,169.0
2021-03-01 09:23:35,41.9887532,124.4967005,103.0,228.0,169.0
2021-03-01 09:23:36,41.9887473,124.4967264,103.0,230.0,169.0
2021-03-01 09:23:37,41.9887406,124.4967514,103.0,232.0,169.0
2021-03-01 09:23:38,41.9887339,124.4967765,103.0,234.0,169.0
2021-03-01 09:23:39,41.9887277,124.4968012,103.0,236.0,169.0
2021-03-01 09:23:40,41.9887216,124.4968259,105.0,238.0,169.0
2021-03-01 09:23:41,41.9887159,124.4968505,105.0,240.0,169.0
2021-03-01 09:23:42,41.9887103,124.4968751,105.0,241.0,169.0
2021-03-01 09:23:43,41.9887059,124.4968968,105.0,242.0,169.0
2021-03-01 09:23:44,41.9887015,124.4969185,104.0,244.0,169.0
2021-03-01 09:23:45,41.9887005,124.496936,104.0,245.0,169.0
2021-03-01 09:23:46,41.9886995,124.4969535,104.0,247.0,169.0
2021-03-01 09:23:47,41.9887024,124.4969699,104.0,249.0,169.0
2021-03-01 09:23:48,41.9887054,124.4969863,104.0,250.0,169.0
2021-03-01 09:23:49,41.9887108,124.4970039,107.0,252.0,169.0
2021-03-01 09:23:50,41.9887163,124.4970215,107.0,254.0,169.0
2021-03-01 09:23:51,41.9887218,124.4970401,108.0,255.0,169.0
2021-03-01 09:23:52,41.9887274,124.4970588,108.0,256.0,169.0
2021-03-01 09:23:53,41.9887318,124.4970769,108.0,258.0,169.0
2021-03-01 09:23:54,41.9887362,124.4970951,107.0,260.0,169.0
2021-03-01 09:23:55,41.9887374,124.4971123,108.0,261.0,169.0
2021-03-01 09:23:56,41.9887386,124.4971296,108.0,263.0,169.0
2021-03-01 09:23:57,41.9887363,124.4971481,108.0,265.0,169.0
2021-03-01 09:23:58,41.9887341,124.4971667,108.0,266.0,169.0
2021-03-01 09:23:59,41.9887307,124.497188,109.0,268.0,169.0
2021-03-01 09:24:00,41.9887274,124.4972093,109.0,270.0,169.0
2021-03-01 09:24:01,41.9887255,124.4972295,110.0,271.0,169.0
2021-03-01 09:24:02,41.9887236,124.4972497,110.0,274.0,169.0
2021-03-01 09:24:03,41.988723,124.497268,110.0,276.0,169.0
2021-03-01 09:24:04,41.9887224,124.4972863,112.0,278.0,169.0
2021-03-01 09:24:05,41.9887195,124.4973096,112.0,281.0,169.0
2021-03-01 09:24:06,41.9887167,124.4973329,113.0,283.0,169.0
2021-03-01 09:24:07,41.9887123,124.49736,113.0,285.0,169.0
2021-03-01 09:24:08,41.988708,124.4973871,113.0,287.0,169.0
2021-03-01 09:24:09,41.9887003,124.4974134,115.0,289.0,169.0
2021-03-01 09:24:10,41.9886926,124.4974398,115.0,290.0,169.0
2021-03-01 09:24:11,41.9886853,124.497462,115.0,291.0,169.0
2021-03-01 09:24:12,41.9886781,124.4974843,115.0,293.0,169.0
2021-03-01 09:24:13,41.9886735,124.4975026,115.0,295.0,169.0
2021-03-01 09:24:14,41.988669,124.497521,115.0,297.0,169.0
2021-03-01 09:24:15,41.9886654,124.4975409,115.0,299.0,169.0
2021-03-01 09:24:16,41.9886619,124.4975609,115.0,301.0,169.0
2021-03-01 09:24:17,41.98866,124.4975832,115.0,303.0,169.0
2021-03-01 09:24:18,41.9886582,124.4976055,116.0,304.0,170.0
2021-03-01 09:24:19,41.9886568,124.4976271,116.0,305.0,169.0
2021-03-01 09:24:20,41.9886554,124.4976487,116.0,307.0,169.0
2021-03-01 09:24:21,41.9886542,124.4976685,116.0,309.0,169.0
2021-03-01 09:24:22,41.9886531,124.4976884,116.0,311.0,169.0
2021-03-01 09:24:23,41.9886539,124.4977082,116.0,313.0,169.0
2021-03-01 09:24:24,41.9886547,124.4977281,116.0,315.0,169.0
2021-03-01 09:24:25,41.9886582,124.4977505,116.0,317.0,169.0
2021-03-01 09:24:26,41.9886617,124.4977729,116.0,319.0,169.0
2021-03-01 09:24:27,41.9886634,124.4977968,116.0,321.0,169.0
2021-03-01 09:24:28,41.9886652,124.4978208,116.0,322.0,169.0
2021-03-01 09:24:29,41.9886636,124.4978442,116.0,324.0,169.0
2021-03-01 09:24:30,41.9886621,124.4978676,117.0,326.0,169.0
2021-03-01 09:24:31,41.9886589,124.4978881,117.0,327.0,169.0
2021-03-01 09:24:32,41.9886558,124.4979087,117.0,328.0,169.0
2021-03-01 09:24:33,41.9886519,124.4979253,117.0,328.0,169.0
2021-03-01 09:24:34,41.9886481,124.4979419,117.0,330.0,169.0
2021-03-01 09:24:35,41.9886461,124.4979563,117.0,332.0,169.0
2021-03-01 09:24:36,41.9886441,124.4979707,117.0,334.0,169.0
2021-03-01 09:24:37,41.9886423,124.4979875,117.0,335.0,169.0
2021-03-01 09:24:38,41.9886406,124.4980043,117.0,337.0,169.0
2021-03-01 09:24:39,41.9886381,124.4980228,118.0,339.0,169.0
2021-03-01 09:24:40,41.9886356,124.4980414,118.0,340.0,169.0
2021-03-01 09:24:41,41.9886324,124.4980603,121.0,341.0,169.0
2021-03-01 09:24:42,41.9886292,124.4980792,125.0,343.0,169.0
2021-03-01 09:24:43,41.9886247,124.4980957,129.0,345.0,169.0
2021-03-01 09:24:44,41.9886202,124.4981123,129.0,346.0,169.0
2021-03-01 09:24:45,41.9886147,124.4981302,133.0,348.0,169.0
2021-03-01 09:24:46,41.9886093,124.4981482,137.0,350.0,169.0
2021-03-01 09:24:47,41.9886035,124.4981684,141.0,352.0,169.0
2021-03-01 09:24:48,41.9885977,124.4981886,145.0,354.0,169.0
2021-03-01 09:24:49,41.988592,124.498209,148.0,355.0,169.0
2021-03-01 09:24:50,41.9885863,124.4982294,148.0,356.0,169.0
2021-03-01 09:24:51,41.9885814,124.4982492,150.0,358.0,169.0
2021-03-01 09:24:52,41.9885766,124.498269,150.0,360.0,169.0
2021-03-01 09:24:53,41.988573,124.4982881,150.0,362.0,170.0
2021-03-01 09:24:54,41.9885694,124.4983072,149.0,364.0,170.0
2021-03-01 09:24:55,41.9885678,124.4983274,149.0,365.0,170.0
2021-03-01 09:24:56,41.9885662,124.4983476,149.0,365.0,170.0
2021-03-01 09:24:57,41.9885664,124.498366,149.0,365.0,170.0
2021-03-01 09:24:58,41.9885667,124.4983845,149.0,367.0,170.0
2021-03-01 09:24:59,41.9885695,124.4983884,149.0,369.0,170.0
2021-03-01 09:25:00,41.9885723,124.4983924,150.0,370.0,170.0
2021-03-01 09:25:01,41.9885763,124.4983805,151.0,372.0,170.0
2021-03-01 09:25:02,41.9885803,124.4983686,151.0,374.0,170.0
2021-03-01 09:25:03,41.9885826,124.4983495,151.0,375.0,170.0
2021-03-01 09:25:04,41.988585,124.4983304,151.0,376.0,170.0
2021-03-01 09:25:05,41.9885861,124.4983103,151.0,378.0,170.0
2021-03-01 09:25:06,41.9885873,124.4982902,151.0,380.0,170.0
2021-03-01 09:25:07,41.988588,124.4982706,152.0,381.0,170.0
2021-03-01 09:25:08,41.9885888,124.498251,152.0,382.0,170.0
2021-03-01 09:25:09,41.9885894,124.4982324,152.0,384.0,170.0
2021-03-01 09:25:10,41.98859,124.4982138,152.0,386.0,170.0
2021-03-01 09:25:11,41.9885902,124.4981956,152.0,387.0,170.0
2021-03-01 09:25:12,41.9885904,124.4981774,153.0,389.0,170.0
2021-03-01 09:25:13,41.9885881,124.4981584,153.0,391.0,170.0
2021-03-01 09:25:14,41.9885859,124.4981394,152.0,394.0,170.0
2021-03-01 09:25:15,41.988584,124.4981168,152.0,396.0,170.0
2021-03-01 09:25:16,41.9885821,124.4980943,152.0,398.0,170.0
2021-03-01 09:25:17,41.988581,124.498069,152.0,400.0,170.0
2021-03-01 09:25:18,41.98858,124.4980438,152.0,402.0,170.0
2021-03-01 09:25:19,41.9885789,124.4980176,153.0,404.0,170.0
2021-03-01 09:25:20,41.9885779,124.4979914,153.0,405.0,170.0
2021-03-01 09:25:21,41.988576,124.4979678,153.0,406.0,170.0
2021-03-01 09:25:22,41.9885741,124.4979442,153.0,408.0,170.0
2021-03-01 09:25:23,41.988573,124.497925,153.0,410.0,170.0
2021-03-01 09:25:24,41.988572,124.4979058,153.0,412.0,170.0
2021-03-01 09:25:25,41.9885717,124.4978858,154.0,413.0,170.0
2021-03-01 09:25:26,41.9885715,124.4978658,155.0,414.0,170.0
2021-03-01 09:25:27,41.9885724,124.4978472,155.0,416.0,170.0
2021-03-01 09:25:28,41.9885733,124.4978287,154.0,418.0,170.0
2021-03-01 09:25:29,41.9885751,124.4978091,154.0,420.0,170.0
2021-03-01 09:25:30,41.988577,124.4977895,154.0,422.0,170.0
2021-03-01 09:25:31,41.9885786,124.4977691,154.0,423.0,170.0
2021-03-01 09:25:32,41.9885802,124.4977488,154.0,424.0,170.0
2021-03-01 09:25:33,41.9885816,124.4977291,154.0,425.0,170.0
2021-03-01 09:25:34,41.9885831,124.4977094,154.0,426.0,170.0
2021-03-01 09:25:35,41.988582,124.4976947,155.0,426.0,170.0
2021-03-01 09:25:36,41.988581,124.4976801,155.0,428.0,170.0
2021-03-01 09:25:37,41.9885801,124.4976683,155.0,429.0,170.0
2021-03-01 09:25:38,41.9885792,124.4976566,155.0,430.0,170.0
2021-03-01 09:25:39,41.988579,124.4976432,155.0,432.0,170.0
2021-03-01 09:25:40,41.9885789,124.4976299,155.0,434.0,170.0
2021-03-01 09:25:41,41.9885783,124.4976146,154.0,436.0,170.0
2021-03-01 09:25:42,41.9885777,124.4975994,154.0,438.0,170.0
2021-03-01 09:25:43,41.9885778,124.4975801,154.0,439.0,170.0
2021-03-01 09:25:44,41.988578,124.4975608,154.0,440.0,170.0
2021-03-01 09:25:45,41.9885787,124.4975401,154.0,442.0,170.0
2021-03-01 09:25:46,41.9885794,124.4975194,153.0,444.0,170.0
2021-03-01 09:25:47,41.9885797,124.4974989,153.0,445.0,170.0
2021-03-01 09:25:48,41.98858,124.4974784,153.0,446.0,170.0
2021-03-01 09:25:49,41.98858,124.4974592,154.0,448.0,170.0
2021-03-01 09:25:50,41.98858,124.49744,154.0,450.0,170.0
2021-03-01 09:25:51,41.988581,124.4974214,154.0,451.0,170.0
2021-03-01 09:25:52,41.9885821,124.4974029,154.0,452.0,170.0
2021-03-01 09:25:53,41.9885852,124.4973853,154.0,454.0,170.0
2021-03-01 09:25:54,41.9885883,124.4973678,154.0,456.0,170.0
2021-03-01 09:25:55,41.988591,124.4973507,156.0,457.0,170.0
2021-03-01 09:25:56,41.9885937,124.4973336,156.0,458.0,170.0
2021-03-01 09:25:57,41.9885957,124.4973166,156.0,460.0,170.0
2021-03-01 09:25:58,41.9885978,124.4972996,156.0,462.0,170.0
2021-03-01 09:25:59,41.9886008,124.4972821,157.0,464.0,170.0
2021-03-01 09:26:00,41.9886038,124.4972646,157.0,466.0,170.0
2021-03-01 09:26:01,41.9886085,124.4972448,157.0,469.0,170.0
2021-03-01 09:26:02,41.9886133,124.4972251,157.0,470.0,170.0
2021-03-01 09:26:03,41.9886203,124.4972028,157.0,472.0,170.0
2021-03-01 09:26:04,41.9886274,124.4971806,156.0,474.0,170.0
2021-03-01 09:26:05,41.9886326,124.4971594,156.0,475.0,170.0
2021-03-01 09:26:06,41.9886378,124.4971383,156.0,476.0,170.0
2021-03-01 09:26:07,41.9886416,124.497118,156.0,477.0,170.0
2021-03-01 09:26:08,41.9886454,124.4970978,156.0,478.0,170.0
2021-03-01 09:26:09,41.9886478,124.49708,156.0,479.0,170.0
2021-03-01 09:26:10,41.9886502,124.4970623,156.0,480.0,170.0
2021-03-01 09:26:11,41.9886516,124.4970476,157.0,482.0,170.0
2021-03-01 09:26:12,41.988653,124.497033,157.0,484.0,170.0
2021-03-01 09:26:13,41.9886558,124.4970179,156.0,486.0,170.0
2021-03-01 09:26:14,41.9886586,124.4970028,156.0,488.0,170.0
2021-03-01 09:26:15,41.9886619,124.4969851,156.0,489.0,170.0
2021-03-01 09:26:16,41.9886653,124.4969674,156.0,490.0,170.0
2021-03-01 09:26:17,41.9886695,124.4969498,155.0,492.0,170.0
2021-03-01 09:26:18,41.9886738,124.4969323,155.0,493.0,170.0
2021-03-01 09:26:19,41.9886785,124.4969158,155.0,494.0,170.0
2021-03-01 09:26:20,41.9886832,124.4968994,155.0,496.0,170.0
2021-03-01 09:26:21,41.9886873,124.4968848,155.0,497.0,170.0
2021-03-01 09:26:22,41.9886915,124.4968702,155.0,498.0,170.0
2021-03-01 09:26:23,41.9886947,124.4968543,155.0,500.0,170.0
2021-03-01 09:26:24,41.988698,124.4968385,155.0,502.0,170.0
2021-03-01 09:26:25,41.988701,124.4968207,155.0,503.0,170.0
2021-03-01 09:26:26,41.9887041,124.4968029,155.0,505.0,170.0
2021-03-01 09:26:27,41.9887097,124.4967855,155.0,507.0,170.0
2021-03-01 09:26:28,41.9887154,124.4967681,155.0,508.0,170.0
2021-03-01 09:26:29,41.9887232,124.49675,155.0,510.0,170.0
2021-03-01 09:26:30,41.988731,124.496732,155.0,512.0,170.0
2021-03-01 09:26:31,41.9887375,124.4967135,155.0,513.0,170.0
2021-03-01 09:26:32,41.988744,124.4966951,155.0,516.0,170.0
2021-03-01 09:26:33,41.9887469,124.4966746,154.0,518.0,170.0
2021-03-01 09:26:34,41.9887498,124.4966542,154.0,520.0,170.0
2021-03-01 09:26:35,41.9887539,124.4966311,153.0,521.0,170.0
2021-03-01 09:26:36,41.988758,124.4966081,153.0,523.0,170.0
2021-03-01 09:26:37,41.9887623,124.4965858,152.0,525.0,170.0
2021-03-01 09:26:38,41.9887667,124.4965636,152.0,526.0,170.0
2021-03-01 09:26:39,41.9887699,124.4965418,152.0,528.0,170.0
2021-03-01 09:26:40,41.9887732,124.4965201,152.0,530.0,170.0
2021-03-01 09:26:41,41.9887765,124.4964995,152.0,531.0,170.0
2021-03-01 09:26:42,41.9887799,124.4964789,152.0,533.0,170.0
2021-03-01 09:26:43,41.9887843,124.4964605,152.0,535.0,170.0
2021-03-01 09:26:44,41.9887887,124.4964421,153.0,536.0,170.0
2021-03-01 09:26:45,41.9887942,124.4964243,153.0,538.0,170.0
2021-03-01 09:26:46,41.9887998,124.4964066,153.0,540.0,170.0
2021-03-01 09:26:47,41.9888064,124.4963883,153.0,542.0,170.0
2021-03-01 09:26:48,41.988813,124.49637,153.0,544.0,170.0
2021-03-01 09:26:49,41.9888235,124.4963538,153.0,546.0,170.0
2021-03-01 09:26:50,41.988834,124.4963377,153.0,548.0,170.0
2021-03-01 09:26:51,41.9888483,124.4963278,153.0,549.0,170.0
2021-03-01 09:26:52,41.9888626,124.4963179,153.0,551.0,170.0
2021-03-01 09:26:53,41.988878,124.4963149,153.0,553.0,170.0
2021-03-01 09:26:54,41.9888935,124.496312,153.0,554.0,169.0
2021-03-01 09:26:55,41.9889096,124.4963158,153.0,556.0,169.0
2021-03-01 09:26:56,41.9889257,124.4963197,153.0,558.0,169.0
2021-03-01 09:26:57,41.9889411,124.4963277,155.0,560.0,169.0
2021-03-01 09:26:58,41.9889566,124.4963358,155.0,562.0,169.0
2021-03-01 09:26:59,41.9889719,124.4963433,155.0,564.0,169.0
2021-03-01 09:27:00,41.9889873,124.4963509,154.0,566.0,169.0
2021-03-01 09:27:01,41.9890033,124.4963571,153.0,567.0,169.0
2021-03-01 09:27:02,41.9890194,124.4963633,153.0,568.0,169.0
2021-03-01 09:27:03,41.9890346,124.4963694,153.0,570.0,169.0
2021-03-01 09:27:04,41.9890499,124.4963755,153.0,572.0,169.0
2021-03-01 09:27:05,41.9890643,124.4963816,153.0,573.0,169.0
2021-03-01 09:27:06,41.9890788,124.4963878,153.0,574.0,169.0
2021-03-01 09:27:07,41.9890924,124.496393,152.0,576.0,169.0
2021-03-01 09:27:08,41.9891061,124.4963982,152.0,578.0,169.0
2021-03-01 09:27:09,41.9891193,124.4964023,152.0,579.0,169.0
2021-03-01 09:27:10,41.9891325,124.4964065,152.0,580.0,169.0
2021-03-01 09:27:11,41.9891447,124.4964109,151.0,582.0,169.0
2021-03-01 09:27:12,41.989157,124.4964154,151.0,584.0,169.0
2021-03-01 09:27:13,41.9891693,124.4964206,150.0,585.0,169.0
2021-03-01 09:27:14,41.9891816,124.4964259,150.0,587.0,169.0
2021-03-01 09:27:15,41.9891946,124.4964323,150.0,589.0,169.0
2021-03-01 09:27:16,41.9892076,124.4964387,150.0,590.0,169.0
2021-03-01 09:27:17,41.9892216,124.496444,149.0,592.0,169.0
2021-03-01 09:27:18,41.9892357,124.4964493,149.0,593.0,169.0
2021-03-01 09:27:19,41.9892492,124.4964533,148.0,594.0,169.0
2021-03-01 09:27:20,41.9892627,124.4964574,148.0,596.0,169.0
2021-03-01 09:27:21,41.9892751,124.49646,147.0,597.0,169.0
2021-03-01 09:27:22,41.9892876,124.4964627,147.0,598.0,169.0
2021-03-01 09:27:23,41.9892997,124.4964628,147.0,600.0,169.0
2021-03-01 09:27:24,41.9893119,124.4964629,147.0,602.0,169.0
2021-03-01 09:27:25,41.9893254,124.4964634,147.0,603.0,169.0
2021-03-01 09:27:26,41.989339,124.4964639,147.0,605.0,169.0
2021-03-01 09:27:27,41.9893533,124.4964659,147.0,607.0,169.0
2021-03-01 09:27:28,41.9893677,124.496468,147.0,609.0,169.0
2021-03-01 09:27:29,41.9893832,124.4964704,147.0,611.0,169.0
2021-03-01 09:27:30,41.9893988,124.4964729,147.0,613.0,169.0
2021-03-01 09:27:31,41.9894168,124.4964739,147.0,615.0,169.0
2021-03-01 09:27:32,41.9894349,124.4964749,147.0,616.0,169.0
2021-03-01 09:27:33,41.9894529,124.4964753,147.0,618.0,169.0
2021-03-01 09:27:34,41.989471,124.4964757,147.0,620.0,169.0
2021-03-01 09:27:35,41.9894859,124.4964789,147.0,621.0,169.0
2021-03-01 09:27:36,41.9895008,124.4964821,147.0,622.0,169.0
2021-03-01 09:27:37,41.9895136,124.4964876,147.0,624.0,169.0
2021-03-01 09:27:38,41.9895264,124.4964932,147.0,625.0,169.0
2021-03-01 09:27:39,41.989538,124.4964994,147.0,626.0,169.0
2021-03-01 09:27:40,41.9895497,124.4965056,147.0,627.0,169.0
2021-03-01 09:27:41,41.9895601,124.4965111,147.0,628.0,169.0
2021-03-01 09:27:42,41.9895705,124.4965167,148.0,629.0,169.0
2021-03-01 09:27:43,41.9895792,124.4965213,148.0,630.0,169.0
2021-03-01 09:27:44,41.9895879,124.496526,148.0,631.0,169.0
2021-03-01 09:27:45,41.9895955,124.4965304,148.0,632.0,169.0
2021-03-01 09:27:46,41.9896031,124.4965348,148.0,633.0,169.0
2021-03-01 09:27:47,41.9896113,124.4965401,148.0,634.0,169.0
2021-03-01 09:27:48,41.9896195,124.4965455,148.0,636.0,169.0
2021-03-01 09:27:49,41.9896283,124.4965498,148.0,637.0,169.0
2021-03-01 09:27:50,41.9896371,124.4965542,147.0,638.0,169.0
2021-03-01 09:27:51,41.9896465,124.4965579,147.0,639.0,169.0
2021-03-01 09:27:52,41.989656,124.4965617,147.0,640.0,169.0
2021-03-01 09:27:53,41.9896656,124.4965637,147.0,641.0,169.0
2021-03-01 09:27:54,41.9896753,124.4965658,147.0,642.0,169.0
2021-03-01 09:27:55,41.9896857,124.4965668,147.0,643.0,169.0
2021-03-01 09:27:56,41.9896962,124.4965678,147.0,644.0,169.0
2021-03-01 09:27:57,41.9897069,124.4965691,147.0,646.0,169.0
2021-03-01 09:27:58,41.9897176,124.4965705,147.0,647.0,169.0
2021-03-01 09:27:59,41.9897282,124.496573,147.0,648.0,169.0
2021-03-01 09:28:00,41.9897389,124.4965756,146.0,650.0,169.0
2021-03-01 09:28:01,41.9897492,124.4965799,146.0,651.0,169.0
2021-03-01 09:28:02,41.9897595,124.4965843,146.0,652.0,169.0
2021-03-01 09:28:03,41.9897694,124.4965896,146.0,652.0,169.0
2021-03-01 09:28:04,41.9897793,124.4965949,146.0,653.0,169.0
2021-03-01 09:28:05,41.9897881,124.4965986,146.0,654.0,169.0
2021-03-01 09:28:06,41.989797,124.4966024,146.0,656.0,169.0
2021-03-01 09:28:07,41.9898048,124.4966054,147.0,657.0,169.0
2021-03-01 09:28:08,41.9898126,124.4966085,147.0,658.0,169.0
2021-03-01 09:28:09,41.9898213,124.4966138,147.0,659.0,169.0
2021-03-01 09:28:10,41.98983,124.4966191,147.0,660.0,169.0
2021-03-01 09:28:11,41.9898398,124.4966258,147.0,662.0,169.0
2021-03-01 09:28:12,41.9898497,124.4966325,146.0,663.0,169.0
2021-03-01 09:28:13,41.9898614,124.4966393,146.0,664.0,169.0
2021-03-01 09:28:14,41.9898731,124.4966461,146.0,664.0,169.0
2021-03-01 09:28:15,41.9898837,124.4966516,145.0,665.0,169.0
2021-03-01 09:28:16,41.9898944,124.4966571,145.0,665.0,169.0
2021-03-01 09:28:17,41.9898999,124.49666,145.0,665.0,169.0
2021-03-01 09:28:18,41.9899055,124.496663,145.0,667.0,169.0
2021-03-01 09:28:19,41.9899032,124.4966637,145.0,669.0,169.0
2021-03-01 09:28:20,41.989901,124.4966645,145.0,670.0,169.0
2021-03-01 09:28:21,41.9898915,124.4966642,145.0,672.0,169.0
2021-03-01 09:28:22,41.989882,124.496664,145.0,673.0,169.0
2021-03-01 09:28:23,41.989869,124.4966623,145.0,674.0,169.0
2021-03-01 09:28:24,41.9898561,124.4966607,145.0,674.0,169.0
2021-03-01 09:28:25,41.9898483,124.4966587,145.0,675.0,169.0
2021-03-01 09:28:26,41.9898405,124.4966567,145.0,676.0,169.0
2021-03-01 09:28:27,41.9898327,124.4966548,145.0,678.0,169.0
2021-03-01 09:28:28,41.9898216,124.4966508,146.0,679.0,169.0
2021-03-01 09:28:29,41.9898105,124.4966469,146.0,680.0,169.0
2021-03-01 09:28:30,41.9898,124.496642,145.0,681.0,169.0
2021-03-01 09:28:31,41.9897895,124.4966371,145.0,682.0,169.0
2021-03-01 09:28:32,41.9897795,124.4966326,145.0,684.0,169.0
2021-03-01 09:28:33,41.9897696,124.4966282,145.0,685.0,169.0
2021-03-01 09:28:34,41.9897591,124.4966269,145.0,686.0,169.0
2021-03-01 09:28:35,41.9897487,124.4966256,145.0,686.0,169.0
2021-03-01 09:28:36,41.9897391,124.4966265,144.0,686.0,169.0
2021-03-01 09:28:37,41.9897296,124.4966274,144.0,686.0,169.0
2021-03-01 09:28:38,41.9897264,124.4966282,144.0,686.0,169.0
2021-03-01 09:28:39,41.9897232,124.496629,144.0,686.0,169.0
2021-03-01 09:28:40,41.98972,124.4966298,145.0,688.0,169.0
2021-03-01 09:28:41,41.9897147,124.4966355,145.0,690.0,169.0
2021-03-01 09:28:42,41.9897095,124.4966413,145.0,692.0,169.0
2021-03-01 09:28:43,41.9897075,124.4966513,145.0,693.0,169.0
2021-03-01 09:28:44,41.9897056,124.4966614,145.0,694.0,169.0
2021-03-01 09:28:45,41.9897055,124.4966767,145.0,696.0,169.0
2021-03-01 09:28:46,41.9897055,124.4966921,145.0,698.0,169.0
2021-03-01 09:28:47,41.9897076,124.4967104,145.0,700.0,169.0
2021-03-01 09:28:48,41.9897098,124.4967287,145.0,702.0,169.0
2021-03-01 09:28:49,41.9897125,124.4967486,145.0,703.0,169.0
2021-03-01 09:28:50,41.9897153,124.4967685,144.0,704.0,169.0
2021-03-01 09:28:51,41.989716,124.4967883,144.0,705.0,169.0
2021-03-01 09:28:52,41.9897168,124.4968082,144.0,707.0,169.0
2021-03-01 09:28:53,41.9897169,124.4968255,144.0,709.0,169.0
2021-03-01 09:28:54,41.9897171,124.4968429,144.0,710.0,169.0
2021-03-01 09:28:55,41.9897181,124.496861,143.0,711.0,169.0
2021-03-01 09:28:56,41.9897191,124.4968791,143.0,713.0,169.0
2021-03-01 09:28:57,41.9897223,124.4968967,143.0,715.0,169.0
2021-03-01 09:28:58,41.9897256,124.4969143,142.0,716.0,169.0
2021-03-01 09:28:59,41.9897294,124.4969316,142.0,717.0,169.0
2021-03-01 09:29:00,41.9897332,124.4969489,142.0,718.0,169.0
2021-03-01 09:29:01,41.9897346,124.4969651,142.0,720.0,169.0
2021-03-01 09:29:02,41.989736,124.4969813,142.0,721.0,169.0
2021-03-01 09:29:03,41.9897371,124.4969969,142.0,722.0,169.0
2021-03-01 09:29:04,41.9897383,124.4970126,142.0,724.0,169.0
2021-03-01 09:29:05,41.9897391,124.497029,142.0,725.0,169.0
2021-03-01 09:29:06,41.9897399,124.4970454,142.0,726.0,169.0
2021-03-01 09:29:07,41.9897393,124.4970628,142.0,728.0,169.0
2021-03-01 09:29:08,41.9897387,124.4970802,142.0,730.0,169.0
2021-03-01 09:29:09,41.9897357,124.4970978,142.0,731.0,169.0
2021-03-01 09:29:10,41.9897327,124.4971154,142.0,732.0,169.0
2021-03-01 09:29:11,41.9897284,124.497132,142.0,733.0,169.0
2021-03-01 09:29:12,41.9897242,124.4971487,142.0,734.0,169.0
2021-03-01 09:29:13,41.9897205,124.4971621,142.0,735.0,169.0
2021-03-01 09:29:14,41.9897169,124.4971755,142.0,736.0,169.0
2021-03-01 09:29:15,41.9897173,124.4971873,142.0,737.0,169.0
2021-03-01 09:29:16,41.9897177,124.4971991,142.0,738.0,169.0
2021-03-01 09:29:17,41.9897188,124.4972114,142.0,740.0,169.0
2021-03-01 09:29:18,41.98972,124.4972238,142.0,741.0,169.0
2021-03-01 09:29:19,41.9897184,124.497237,142.0,742.0,169.0
2021-03-01 09:29:20,41.9897168,124.4972503,142.0,743.0,169.0
2021-03-01 09:29:21,41.9897128,124.4972631,142.0,744.0,169.0
2021-03-01 09:29:22,41.9897088,124.497276,142.0,745.0,169.0
2021-03-01 09:29:23,41.9897066,124.4972872,142.0,746.0,169.0
2021-03-01 09:29:24,41.9897045,124.4972984,142.0,748.0,169.0
2021-03-01 09:29:25,41.9897098,124.4973091,142.0,751.0,169.0
2021-03-01 09:29:26,41.9897151,124.4973199,142.0,753.0,169.0
2021-03-01 09:29:27,41.9897273,124.4973311,142.0,755.0,169.0
2021-03-01 09:29:28,41.9897396,124.4973423,142.0,756.0,169.0
2021-03-01 09:29:29,41.989755,124.4973532,142.0,756.0,169.0
2021-03-01 09:29:30,41.9897704,124.4973642,142.0,756.0,169.0
2021-03-01 09:29:41,41.9897822,124.4973624,142.0,756.0,170.0
2021-03-01 09:29:42,41.9897891,124.4973607,142.0,757.0,170.0
2021-03-01 09:29:43,41.9897961,124.4973591,142.0,758.0,170.0
2021-03-01 09:29:44,41.9898017,124.4973592,143.0,759.0,169.0
2021-03-01 09:29:45,41.9898074,124.4973593,143.0,760.0,169.0
2021-03-01 09:29:46,41.9898149,124.4973612,143.0,762.0,169.0
2021-03-01 09:29:47,41.9898224,124.4973632,144.0,764.0,169.0
2021-03-01 09:29:48,41.989833,124.4973655,144.0,766.0,169.0
2021-03-01 09:29:49,41.9898436,124.4973678,144.0,768.0,169.0
2021-03-01 09:29:50,41.9898578,124.4973723,144.0,770.0,169.0
2021-03-01 09:29:51,41.9898721,124.4973768,144.0,772.0,169.0
2021-03-01 09:29:52,41.9898889,124.4973834,144.0,774.0,169.0
2021-03-01 09:29:53,41.9899057,124.4973901,144.0,777.0,170.0
2021-03-01 09:29:54,41.9899248,124.4973978,144.0,780.0,169.0
2021-03-01 09:29:55,41.989944,124.4974056,144.0,782.0,169.0
2021-03-01 09:29:56,41.9899661,124.4974127,144.0,784.0,169.0
2021-03-01 09:29:57,41.9899882,124.4974198,144.0,786.0,169.0
2021-03-01 09:29:58,41.9900088,124.4974284,144.0,788.0,169.0
2021-03-01 09:29:59,41.9900294,124.497437,144.0,790.0,169.0
2021-03-01 09:30:00,41.9900464,124.4974507,144.0,792.0,169.0
2021-03-01 09:30:01,41.9900634,124.4974645,145.0,793.0,169.0
2021-03-01 09:30:02,41.9900767,124.4974789,145.0,794.0,169.0
2021-03-01 09:30:03,41.9900901,124.4974934,145.0,794.0,169.0
2021-03-01 09:30:04,41.9900995,124.4975012,145.0,794.0,169.0
2021-03-01 09:30:05,41.990109,124.4975091,146.0,794.0,169.0
2021-03-01 09:30:12,41.9901194,124.4975078,146.0,798.0,169.0
2021-03-01 09:30:13,41.9901293,124.4975063,145.0,801.0,169.0
2021-03-01 09:30:14,41.9901392,124.4975048,146.0,804.0,169.0
2021-03-01 09:30:15,41.9901527,124.4975057,145.0,806.0,169.0
2021-03-01 09:30:16,41.9901662,124.4975066,145.0,808.0,169.0
2021-03-01 09:30:17,41.9901838,124.4975098,145.0,809.0,169.0
2021-03-01 09:30:18,41.9902015,124.4975131,145.0,811.0,169.0
2021-03-01 09:30:19,41.9902198,124.4975169,145.0,813.0,169.0
2021-03-01 09:30:20,41.9902382,124.4975208,143.0,815.0,169.0
2021-03-01 09:30:21,41.9902562,124.4975266,142.0,817.0,169.0
2021-03-01 09:30:22,41.9902742,124.4975325,141.0,818.0,169.0
2021-03-01 09:30:23,41.9902901,124.4975416,141.0,820.0,169.0
2021-03-01 09:30:24,41.9903061,124.4975508,140.0,822.0,169.0
2021-03-01 09:30:25,41.9903195,124.4975638,140.0,825.0,169.0
2021-03-01 09:30:26,41.990333,124.4975769,141.0,827.0,169.0
2021-03-01 09:30:27,41.9903464,124.4975938,141.0,829.0,169.0
2021-03-01 09:30:28,41.9903599,124.4976107,141.0,830.0,169.0
2021-03-01 09:30:29,41.9903721,124.4976268,141.0,831.0,169.0
2021-03-01 09:30:30,41.9903843,124.4976429,141.0,832.0,169.0
2021-03-01 09:30:31,41.9903947,124.4976538,141.0,833.0,169.0
2021-03-01 09:30:32,41.9904052,124.4976647,141.0,834.0,169.0
2021-03-01 09:30:33,41.9904145,124.497673,141.0,836.0,169.0
2021-03-01 09:30:34,41.9904239,124.4976813,141.0,838.0,168.0
2021-03-01 09:30:35,41.9904346,124.4976848,141.0,839.0,168.0
2021-03-01 09:30:36,41.9904454,124.4976884,141.0,840.0,168.0
2021-03-01 09:30:37,41.9904585,124.4976885,141.0,842.0,168.0
2021-03-01 09:30:38,41.9904716,124.4976886,141.0,844.0,168.0
2021-03-01 09:30:39,41.9904852,124.4976922,141.0,845.0,168.0
2021-03-01 09:30:40,41.9904989,124.4976958,141.0,846.0,168.0
2021-03-01 09:30:41,41.9905098,124.4977055,141.0,848.0,168.0
2021-03-01 09:30:42,41.9905208,124.4977152,141.0,849.0,168.0
2021-03-01 09:30:43,41.9905285,124.4977276,141.0,850.0,169.0
2021-03-01 09:30:44,41.9905363,124.4977401,141.0,851.0,169.0
2021-03-01 09:30:45,41.9905416,124.4977525,141.0,852.0,169.0
2021-03-01 09:30:46,41.990547,124.497765,141.0,854.0,169.0
2021-03-01 09:30:47,41.9905517,124.4977787,141.0,855.0,169.0
2021-03-01 09:30:48,41.9905564,124.4977924,141.0,856.0,169.0
2021-03-01 09:30:49,41.9905612,124.4978084,141.0,858.0,168.0
2021-03-01 09:30:50,41.990566,124.4978244,141.0,860.0,168.0
2021-03-01 09:30:51,41.9905708,124.4978408,141.0,862.0,168.0
2021-03-01 09:30:52,41.9905756,124.4978572,140.0,864.0,168.0
2021-03-01 09:30:53,41.9905835,124.4978763,141.0,866.0,168.0
2021-03-01 09:30:54,41.9905915,124.4978954,141.0,868.0,168.0
2021-03-01 09:30:55,41.9905981,124.497916,141.0,869.0,168.0
2021-03-01 09:30:56,41.9906047,124.4979366,141.0,870.0,168.0
2021-03-01 09:30:57,41.9906078,124.4979557,141.0,872.0,168.0
2021-03-01 09:30:58,41.990611,124.4979749,141.0,874.0,168.0
2021-03-01 09:30:59,41.9906118,124.4979934,141.0,875.0,168.0
2021-03-01 09:31:00,41.9906127,124.4980119,141.0,876.0,168.0
2021-03-01 09:31:01,41.9906128,124.4980307,141.0,878.0,168.0
2021-03-01 09:31:02,41.990613,124.4980496,141.0,880.0,168.0
2021-03-01 09:31:03,41.9906138,124.4980678,141.0,881.0,168.0
2021-03-01 09:31:04,41.9906147,124.498086,141.0,882.0,168.0
2021-03-01 09:31:05,41.9906166,124.4981029,141.0,883.0,168.0
2021-03-01 09:31:06,41.9906185,124.4981199,141.0,884.0,168.0
2021-03-01 09:31:07,41.9906212,124.498135,141.0,886.0,168.0
2021-03-01 09:31:08,41.990624,124.4981502,141.0,888.0,169.0
2021-03-01 09:31:09,41.9906263,124.4981649,141.0,889.0,169.0
2021-03-01 09:31:10,41.9906286,124.4981796,141.0,890.0,169.0
2021-03-01 09:31:11,41.9906298,124.4981951,141.0,891.0,169.0
2021-03-01 09:31:12,41.990631,124.4982107,141.0,892.0,169.0
2021-03-01 09:31:13,41.9906303,124.4982264,141.0,894.0,169.0
2021-03-01 09:31:14,41.9906297,124.4982422,141.0,895.0,169.0
2021-03-01 09:31:15,41.9906277,124.4982595,141.0,896.0,169.0
2021-03-01 09:31:16,41.9906257,124.4982769,141.0,898.0,169.0
2021-03-01 09:31:17,41.9906233,124.4982924,141.0,899.0,169.0
2021-03-01 09:31:18,41.990621,124.498308,141.0,900.0,169.0
2021-03-01 09:31:19,41.9906185,124.4983235,141.0,902.0,168.0
2021-03-01 09:31:20,41.9906161,124.4983391,141.0,903.0,168.0
2021-03-01 09:31:21,41.9906138,124.4983546,141.0,904.0,168.0
2021-03-01 09:31:22,41.9906116,124.4983702,141.0,906.0,168.0
2021-03-01 09:31:23,41.9906075,124.4983841,141.0,908.0,168.0
2021-03-01 09:31:24,41.9906034,124.498398,141.0,910.0,168.0
2021-03-01 09:31:25,41.9906004,124.4984163,141.0,913.0,168.0
2021-03-01 09:31:26,41.9905974,124.4984347,141.0,915.0,168.0
2021-03-01 09:31:27,41.9905964,124.4984603,142.0,917.0,168.0
2021-03-01 09:31:28,41.9905955,124.498486,143.0,918.0,168.0
2021-03-01 09:31:29,41.9905945,124.4985133,142.0,920.0,168.0
2021-03-01 09:31:30,41.9905935,124.4985406,142.0,922.0,168.0
2021-03-01 09:31:31,41.990592,124.4985633,142.0,924.0,168.0
2021-03-01 09:31:32,41.9905906,124.4985861,142.0,926.0,168.0
2021-03-01 09:31:33,41.9905882,124.498607,142.0,928.0,168.0
2021-03-01 09:31:34,41.9905859,124.498628,142.0,930.0,168.0
2021-03-01 09:31:35,41.9905831,124.49865,142.0,932.0,168.0
2021-03-01 09:31:36,41.9905804,124.498672,142.0,934.0,168.0
2021-03-01 09:31:37,41.9905768,124.4986948,142.0,935.0,168.0
2021-03-01 09:31:38,41.9905733,124.4987177,142.0,936.0,168.0
2021-03-01 09:31:39,41.9905704,124.4987397,144.0,938.0,168.0
2021-03-01 09:31:40,41.9905675,124.4987618,144.0,940.0,168.0
2021-03-01 09:31:41,41.9905651,124.4987812,144.0,941.0,168.0
2021-03-01 09:31:42,41.9905627,124.4988007,144.0,943.0,168.0
2021-03-01 09:31:43,41.9905612,124.4988198,144.0,945.0,169.0
2021-03-01 09:31:44,41.9905598,124.498839,144.0,947.0,169.0
2021-03-01 09:31:45,41.9905568,124.4988592,144.0,949.0,169.0
2021-03-01 09:31:46,41.9905539,124.4988794,144.0,950.0,169.0
2021-03-01 09:31:47,41.9905492,124.4988992,145.0,951.0,169.0
2021-03-01 09:31:48,41.9905446,124.498919,145.0,952.0,169.0
2021-03-01 09:31:49,41.9905396,124.4989354,145.0,953.0,169.0
2021-03-01 09:31:50,41.9905347,124.4989518,145.0,954.0,169.0
2021-03-01 09:31:51,41.9905298,124.4989658,145.0,956.0,169.0
2021-03-01 09:31:52,41.9905249,124.4989798,145.0,958.0,169.0
2021-03-01 09:31:53,41.9905161,124.4989908,145.0,961.0,169.0
2021-03-01 09:31:54,41.9905073,124.4990019,145.0,963.0,169.0
2021-03-01 09:31:55,41.9904944,124.4990153,145.0,965.0,169.0
2021-03-01 09:31:56,41.9904815,124.4990287,145.0,966.0,169.0
2021-03-01 09:31:57,41.9904692,124.4990457,145.0,967.0,169.0
2021-03-01 09:31:58,41.9904569,124.4990627,145.0,968.0,169.0
2021-03-01 09:31:59,41.9904482,124.4990801,145.0,970.0,169.0
2021-03-01 09:32:00,41.9904396,124.4990976,146.0,972.0,169.0
2021-03-01 09:32:01,41.9904365,124.4991156,146.0,974.0,169.0
2021-03-01 09:32:02,41.9904334,124.4991337,146.0,976.0,169.0
2021-03-01 09:32:03,41.9904338,124.499154,145.0,978.0,169.0
2021-03-01 09:32:04,41.9904342,124.4991743,145.0,980.0,169.0
2021-03-01 09:32:05,41.9904344,124.499197,145.0,982.0,169.0
2021-03-01 09:32:06,41.9904346,124.4992197,145.0,984.0,169.0
2021-03-01 09:32:07,41.9904367,124.499243,145.0,986.0,169.0
2021-03-01 09:32:08,41.9904389,124.4992664,145.0,988.0,169.0
2021-03-01 09:32:09,41.9904405,124.4992919,145.0,991.0,169.0
2021-03-01 09:32:10,41.9904421,124.4993175,145.0,993.0,169.0
2021-03-01 09:32:11,41.9904419,124.499344,144.0,995.0,169.0
2021-03-01 09:32:12,41.9904418,124.4993706,144.0,996.0,169.0
2021-03-01 09:32:13,41.9904419,124.4993948,144.0,996.0,169.0
2021-03-01 09:32:14,41.990442,124.4994191,144.0,996.0,169.0
2021-03-01 09:32:15,41.9904415,124.4994289,144.0,996.0,169.0
2021-03-01 09:32:16,41.9904411,124.4994387,144.0,998.0,169.0
2021-03-01 09:32:17,41.9904399,124.4994513,145.0,999.0,169.0
2021-03-01 09:32:18,41.9904387,124.499464,145.0,1001.0,169.0
2021-03-01 09:32:19,41.9904376,124.4994762,145.0,1003.0,169.0
2021-03-01 09:32:20,41.9904365,124.4994885,145.0,1004.0,169.0
2021-03-01 09:32:21,41.9904349,124.4995045,145.0,1006.0,169.0
2021-03-01 09:32:22,41.9904334,124.4995205,145.0,1008.0,169.0
2021-03-01 09:32:23,41.9904331,124.4995383,145.0,1009.0,169.0
2021-03-01 09:32:24,41.9904329,124.4995562,145.0,1012.0,169.0
2021-03-01 09:32:25,41.9904347,124.4995759,145.0,1014.0,169.0
2021-03-01 09:32:26,41.9904365,124.4995957,145.0,1016.0,169.0
2021-03-01 09:32:27,41.9904418,124.4996178,145.0,1017.0,169.0
2021-03-01 09:32:28,41.9904472,124.49964,146.0,1018.0,169.0
2021-03-01 09:32:29,41.9904549,124.4996596,146.0,1020.0,169.0
2021-03-01 09:32:30,41.9904626,124.4996792,146.0,1022.0,169.0
2021-03-01 09:32:31,41.9904725,124.4996933,146.0,1023.0,169.0
2021-03-01 09:32:32,41.9904825,124.4997074,146.0,1024.0,169.0
2021-03-01 09:32:33,41.9904934,124.4997188,146.0,1026.0,169.0
2021-03-01 09:32:34,41.9905044,124.4997302,147.0,1027.0,169.0
2021-03-01 09:32:35,41.9905141,124.4997422,147.0,1028.0,169.0
2021-03-01 09:32:36,41.9905238,124.4997543,147.0,1029.0,169.0
2021-03-01 09:32:37,41.9905275,124.4997669,147.0,1030.0,169.0
2021-03-01 09:32:38,41.9905313,124.4997795,147.0,1033.0,169.0
2021-03-01 09:32:39,41.9905267,124.4997933,146.0,1036.0,169.0
2021-03-01 09:32:40,41.9905222,124.4998071,146.0,1038.0,169.0
2021-03-01 09:32:41,41.9905091,124.4998242,146.0,1040.0,169.0
2021-03-01 09:32:42,41.9904961,124.4998413,146.0,1042.0,169.0
2021-03-01 09:32:43,41.9904834,124.4998609,146.0,1043.0,169.0
2021-03-01 09:32:44,41.9904707,124.4998805,146.0,1044.0,169.0
2021-03-01 09:32:45,41.9904632,124.4998996,146.0,1045.0,169.0
2021-03-01 09:32:46,41.9904558,124.4999188,146.0,1046.0,169.0
2021-03-01 09:32:47,41.9904533,124.4999369,146.0,1048.0,169.0
2021-03-01 09:32:48,41.9904508,124.499955,146.0,1050.0,169.0
2021-03-01 09:32:49,41.9904486,124.4999726,146.0,1052.0,169.0
2021-03-01 09:32:50,41.9904464,124.4999902,146.0,1054.0,169.0
2021-03-01 09:32:51,41.9904417,124.5000082,146.0,1055.0,169.0
2021-03-01 09:32:52,41.990437,124.5000263,146.0,1056.0,169.0
2021-03-01 09:32:53,41.9904289,124.5000429,146.0,1058.0,169.0
2021-03-01 09:32:54,41.9904209,124.5000596,147.0,1060.0,169.0
2021-03-01 09:32:55,41.9904115,124.5000751,147.0,1062.0,169.0
2021-03-01 09:32:56,41.9904022,124.5000907,148.0,1064.0,169.0
2021-03-01 09:32:57,41.9903943,124.5001085,148.0,1065.0,169.0
2021-03-01 09:32:58,41.9903864,124.5001264,146.0,1066.0,169.0
2021-03-01 09:32:59,41.9903808,124.5001445,146.0,1068.0,169.0
2021-03-01 09:33:00,41.9903752,124.5001627,147.0,1070.0,169.0
2021-03-01 09:33:01,41.9903688,124.5001788,147.0,1071.0,169.0
2021-03-01 09:33:02,41.9903625,124.5001949,147.0,1072.0,169.0
2021-03-01 09:33:03,41.9903545,124.5002088,147.0,1074.0,169.0
2021-03-01 09:33:04,41.9903465,124.5002227,147.0,1076.0,169.0
2021-03-01 09:33:05,41.990337,124.5002362,143.0,1077.0,169.0
2021-03-01 09:33:06,41.9903275,124.5002497,142.0,1078.0,169.0
2021-03-01 09:33:07,41.9903177,124.5002617,141.0,1079.0,169.0
2021-03-01 09:33:08,41.990308,124.5002738,137.0,1081.0,169.0
2021-03-01 09:33:09,41.9902982,124.5002847,137.0,1083.0,169.0
2021-03-01 09:33:10,41.9902885,124.5002956,137.0,1086.0,169.0
2021-03-01 09:33:11,41.9902776,124.5003088,137.0,1088.0,169.0
2021-03-01 09:33:12,41.9902667,124.500322,137.0,1090.0,169.0
2021-03-01 09:33:13,41.9902541,124.5003383,137.0,1092.0,169.0
2021-03-01 09:33:14,41.9902415,124.5003547,137.0,1094.0,169.0
2021-03-01 09:33:15,41.9902287,124.5003738,137.0,1096.0,169.0
2021-03-01 09:33:16,41.9902159,124.500393,137.0,1098.0,169.0
2021-03-01 09:33:17,41.9902042,124.5004129,138.0,1099.0,169.0
2021-03-01 09:33:18,41.9901925,124.5004329,137.0,1100.0,169.0
2021-03-01 09:33:19,41.9901832,124.5004514,137.0,1102.0,169.0
2021-03-01 09:33:20,41.990174,124.5004699,138.0,1104.0,169.0
2021-03-01 09:33:21,41.990168,124.5004859,138.0,1105.0,169.0
2021-03-01 09:33:22,41.9901621,124.500502,138.0,1106.0,169.0
2021-03-01 09:33:23,41.9901587,124.5005183,138.0,1108.0,169.0
2021-03-01 09:33:24,41.9901553,124.5005347,138.0,1110.0,169.0
2021-03-01 09:33:25,41.990156,124.5005533,138.0,1112.0,169.0
2021-03-01 09:33:26,41.9901568,124.5005719,138.0,1113.0,169.0
2021-03-01 09:33:27,41.99016,124.5005924,138.0,1114.0,169.0
2021-03-01 09:33:28,41.9901633,124.500613,139.0,1115.0,169.0
2021-03-01 09:33:29,41.9901661,124.5006308,139.0,1116.0,169.0
2021-03-01 09:33:30,41.990169,124.5006487,139.0,1118.0,169.0
2021-03-01 09:33:31,41.9901722,124.5006617,139.0,1119.0,169.0
2021-03-01 09:33:32,41.9901755,124.5006748,139.0,1121.0,169.0
2021-03-01 09:33:33,41.9901832,124.5006836,139.0,1123.0,169.0
2021-03-01 09:33:34,41.990191,124.5006924,138.0,1124.0,169.0
2021-03-01 09:33:35,41.9902043,124.5006975,138.0,1126.0,169.0
2021-03-01 09:33:36,41.9902176,124.5007027,139.0,1128.0,169.0
2021-03-01 09:33:37,41.9902333,124.5007065,139.0,1129.0,169.0
2021-03-01 09:33:38,41.9902491,124.5007104,140.0,1131.0,169.0
2021-03-01 09:33:39,41.9902641,124.5007181,140.0,1133.0,169.0
2021-03-01 09:33:40,41.9902791,124.5007258,140.0,1134.0,169.0
2021-03-01 09:33:41,41.9902926,124.5007369,140.0,1136.0,169.0
2021-03-01 09:33:42,41.9903062,124.5007481,140.0,1138.0,169.0
2021-03-01 09:33:43,41.9903178,124.5007587,140.0,1139.0,169.0
2021-03-01 09:33:44,41.9903295,124.5007694,140.0,1142.0,169.0
2021-03-01 09:33:45,41.9903425,124.5007788,140.0,1145.0,169.0
2021-03-01 09:33:46,41.9903556,124.5007882,141.0,1148.0,169.0
2021-03-01 09:33:47,41.9903749,124.5007954,141.0,1150.0,169.0
2021-03-01 09:33:48,41.9903943,124.5008026,141.0,1152.0,169.0
2021-03-01 09:33:49,41.9904163,124.5008073,141.0,1154.0,169.0
2021-03-01 09:33:50,41.9904383,124.500812,141.0,1156.0,169.0
2021-03-01 09:33:51,41.9904587,124.5008156,141.0,1157.0,169.0
2021-03-01 09:33:52,41.9904792,124.5008192,141.0,1158.0,169.0
2021-03-01 09:33:53,41.9904955,124.5008225,141.0,1159.0,169.0
2021-03-01 09:33:54,41.9905119,124.5008259,141.0,1160.0,169.0
2021-03-01 09:33:55,41.9905246,124.5008304,141.0,1162.0,169.0
2021-03-01 09:33:56,41.9905373,124.5008349,141.0,1164.0,169.0
2021-03-01 09:33:57,41.9905495,124.5008404,141.0,1167.0,169.0
2021-03-01 09:33:58,41.9905617,124.5008459,142.0,1170.0,169.0
2021-03-01 09:33:59,41.9905778,124.5008521,142.0,1172.0,169.0
2021-03-01 09:34:00,41.990594,124.5008583,142.0,1173.0,169.0
2021-03-01 09:34:01,41.9906126,124.5008624,142.0,1174.0,169.0
2021-03-01 09:34:02,41.9906312,124.5008666,142.0,1176.0,169.0
2021-03-01 09:34:03,41.9906465,124.5008676,142.0,1177.0,169.0
2021-03-01 09:34:04,41.9906618,124.5008686,142.0,1178.0,169.0
2021-03-01 09:34:05,41.9906744,124.5008675,142.0,1179.0,169.0
2021-03-01 09:34:06,41.9906871,124.5008664,142.0,1180.0,169.0
2021-03-01 09:34:07,41.9906975,124.5008662,142.0,1180.0,169.0
2021-03-01 09:34:08,41.990708,124.5008661,142.0,1182.0,169.0
2021-03-01 09:34:09,41.9907167,124.5008683,143.0,1184.0,169.0
2021-03-01 09:34:10,41.9907255,124.5008705,143.0,1186.0,169.0
2021-03-01 09:34:11,41.9907354,124.500877,143.0,1187.0,169.0
2021-03-01 09:34:12,41.9907453,124.5008836,143.0,1189.0,169.0
2021-03-01 09:34:13,41.9907581,124.5008923,143.0,1191.0,169.0
2021-03-01 09:34:14,41.990771,124.5009011,143.0,1193.0,169.0
2021-03-01 09:34:15,41.9907867,124.5009092,143.0,1195.0,169.0
2021-03-01 09:34:16,41.9908025,124.5009174,143.0,1198.0,169.0
2021-03-01 09:34:17,41.9908199,124.5009252,144.0,1200.0,169.0
2021-03-01 09:34:18,41.9908374,124.500933,144.0,1202.0,169.0
2021-03-01 09:34:19,41.9908567,124.5009425,144.0,1205.0,169.0
2021-03-01 09:34:20,41.990876,124.5009521,144.0,1208.0,169.0
2021-03-01 09:34:21,41.9908949,124.5009662,144.0,1210.0,169.0
2021-03-01 09:34:22,41.9909139,124.5009804,144.0,1212.0,169.0
2021-03-01 09:34:23,41.9909301,124.501,144.0,1214.0,169.0
2021-03-01 09:34:24,41.9909463,124.5010197,145.0,1216.0,169.0
2021-03-01 09:34:25,41.9909568,124.5010431,144.0,1218.0,169.0
2021-03-01 09:34:26,41.9909673,124.5010666,145.0,1220.0,169.0
2021-03-01 09:34:27,41.9909724,124.501092,145.0,1223.0,169.0
2021-03-01 09:34:28,41.9909776,124.5011175,145.0,1226.0,169.0
2021-03-01 09:34:29,41.9909786,124.5011449,143.0,1228.0,169.0
2021-03-01 09:34:30,41.9909796,124.5011723,143.0,1230.0,169.0
2021-03-01 09:34:31,41.9909773,124.5011992,143.0,1232.0,169.0
2021-03-01 09:34:32,41.990975,124.5012261,142.0,1234.0,169.0
2021-03-01 09:34:33,41.990971,124.5012517,142.0,1236.0,169.0
2021-03-01 09:34:34,41.9909671,124.5012773,142.0,1238.0,169.0
2021-03-01 09:34:35,41.9909644,124.5013019,142.0,1239.0,169.0
2021-03-01 09:34:36,41.9909618,124.5013265,142.0,1240.0,169.0
2021-03-01 09:34:37,41.9909619,124.501349,142.0,1241.0,169.0
2021-03-01 09:34:38,41.990962,124.5013716,142.0,1243.0,169.0
2021-03-01 09:34:39,41.990962,124.5013842,142.0,1245.0,169.0
2021-03-01 09:34:40,41.990962,124.5013968,142.0,1246.0,169.0
2021-03-01 09:34:41,41.9909606,124.5014166,143.0,1247.0,169.0
2021-03-01 09:34:42,41.9909592,124.5014364,143.0,1248.0,169.0
2021-03-01 09:34:43,41.9909541,124.5014519,143.0,1250.0,169.0
2021-03-01 09:34:44,41.990949,124.5014675,143.0,1252.0,169.0
2021-03-01 09:34:45,41.9909425,124.5014834,143.0,1254.0,169.0
2021-03-01 09:34:46,41.990936,124.5014994,143.0,1255.0,169.0
2021-03-01 09:34:47,41.9909323,124.5015171,144.0,1256.0,169.0
2021-03-01 09:34:48,41.9909287,124.5015349,144.0,1258.0,169.0
2021-03-01 09:34:49,41.9909293,124.5015525,144.0,1259.0,169.0
2021-03-01 09:34:50,41.99093,124.5015701,145.0,1260.0,169.0
2021-03-01 09:34:51,41.9909355,124.501586,145.0,1262.0,169.0
2021-03-01 09:34:52,41.990941,124.5016019,145.0,1264.0,169.0
2021-03-01 09:34:53,41.9909505,124.501613,145.0,1265.0,169.0
2021-03-01 09:34:54,41.9909601,124.5016242,146.0,1266.0,169.0
2021-03-01 09:34:55,41.9909716,124.5016301,146.0,1267.0,169.0
2021-03-01 09:34:56,41.9909832,124.501636,146.0,1268.0,169.0
2021-03-01 09:34:57,41.9909945,124.5016386,146.0,1269.0,169.0
2021-03-01 09:34:58,41.9910058,124.5016412,146.0,1270.0,169.0
2021-03-01 09:34:59,41.9910159,124.5016433,146.0,1271.0,169.0
2021-03-01 09:35:00,41.9910261,124.5016455,146.0,1272.0,169.0
2021-03-01 09:35:01,41.9910343,124.5016499,147.0,1272.0,169.0
2021-03-01 09:35:02,41.9910425,124.5016543,147.0,1272.0,169.0
2021-03-01 09:35:03,41.9910479,124.5016595,147.0,1272.0,169.0
2021-03-01 09:35:04,41.9910533,124.5016648,147.0,1274.0,169.0
2021-03-01 09:35:05,41.9910586,124.5016682,147.0,1275.0,169.0
2021-03-01 09:35:06,41.9910639,124.5016717,147.0,1276.0,169.0
2021-03-01 09:35:07,41.9910697,124.501675,147.0,1278.0,169.0
2021-03-01 09:35:08,41.9910756,124.5016784,147.0,1280.0,169.0
2021-03-01 09:35:09,41.9910851,124.5016798,147.0,1281.0,169.0
2021-03-01 09:35:10,41.9910947,124.5016813,147.0,1283.0,169.0
2021-03-01 09:35:11,41.9911081,124.5016846,147.0,1285.0,169.0
2021-03-01 09:35:12,41.9911215,124.501688,147.0,1286.0,169.0
2021-03-01 09:35:13,41.9911372,124.501693,147.0,1288.0,169.0
2021-03-01 09:35:14,41.9911529,124.501698,147.0,1290.0,169.0
2021-03-01 09:35:15,41.9911682,124.501702,147.0,1291.0,169.0
2021-03-01 09:35:16,41.9911836,124.5017061,147.0,1292.0,169.0
2021-03-01 09:35:17,41.9911979,124.5017102,147.0,1294.0,169.0
2021-03-01 09:35:18,41.9912123,124.5017144,147.0,1296.0,169.0
2021-03-01 09:35:19,41.991224,124.5017232,146.0,1297.0,169.0
2021-03-01 09:35:20,41.9912357,124.5017321,146.0,1299.0,169.0
2021-03-01 09:35:21,41.9912464,124.5017433,146.0,1301.0,169.0
2021-03-01 09:35:22,41.9912571,124.5017545,147.0,1302.0,169.0
2021-03-01 09:35:23,41.9912681,124.5017665,147.0,1303.0,169.0
2021-03-01 09:35:24,41.9912791,124.5017786,149.0,1304.0,169.0
2021-03-01 09:35:25,41.9912893,124.5017892,149.0,1306.0,169.0
2021-03-01 09:35:26,41.9912995,124.5017998,149.0,1307.0,169.0
2021-03-01 09:35:27,41.9913191,124.5018187,149.0,1309.0,169.0
2021-03-01 09:35:28,41.9913387,124.5018377,149.0,1309.0,169.0
2021-03-01 09:35:29,41.9913583,124.5018567,149.0,1309.0,169.0
